1,1,2,3,4,5,6,7,8,9,10,11,12,13,14,15,16,17,18,19,20,21,22,23,24,25,26,27,28,29,30,31,32,33,34,35,36,37,38,39,40,41,42,43,44,45,46,47,48,49,50,51,52,53,54,55,56,57,58,59,60,61,62,63,64,65,66,67,68,69,70,71,72,73,74,75,76,77,78,79,80,81,82,83,84,85,86,87,88,89,90,91,92,93,94,95,96,97,98,99,100,101,102,103,104,105,106,107,108,109,110,111,112,113,114,115,116,117,118,119,120,121,122,123,124,125,126,127,128,129,130,131,132,133,134,135,136,137,138,139,140,141,142,143,144,145,146,147,148,149,150,151,152,153,154,155,156,157,158,159,160,161,162,163,164,165,166,167,168,169,170,171,172,173,174,175,176,177,178,0,0,0,0,0,0,0,0,0,0,0,0,0,0,0,0,0,0,0,0,0,0,0,0,0,0,0,0,0,0,0,0,0,0,0,0,0,0,0,0,0,0,0,0,0,0,0,0,0,0,0,0,0,0,0,0,0,0,0,0,0,0,0,0,0,0,0,0,0,0,0,0,0,0,0,0,0,0,0,0,0,0,0,0,0,0,0,0,0,0,0,0,0,0,0,0,0,0,0,0,0,0,0,0,0,0,0,0,0,0,0,0,0,0,0,0,0,0,0,0,0,0,0,0,0,0,0,0,0,0,0,0,0,0,0,0,0,0,0,0,0,0,0,0,0,0,0,0,0,0,0,0,0,0,0,0,0,0,0,0,0,0,0,0,0,0,0,0,0,0,0,0,0,0,0,0,0,0
0.00555555555555556,0.00555555555555555,0.0111111111111111,0.0166666666666667,0.0222222222222222,0.0277777777777778,0.0333333333333333,0.0388888888888889,0.0444444444444444,0.05,0.0555555555555555,0.0611111111111111,0.0666666666666667,0.0722222222222222,0.0777777777777778,0.0833333333333333,0.0888888888888889,0.0944444444444444,0.1,0.105555555555556,0.111111111111111,0.116666666666667,0.122222222222222,0.127777777777778,0.133333333333333,0.138888888888889,0.144444444444444,0.15,0.155555555555556,0.161111111111111,0.166666666666667,0.172222222222222,0.177777777777778,0.183333333333333,0.188888888888889,0.194444444444444,0.2,0.205555555555555,0.211111111111111,0.216666666666667,0.222222222222222,0.227777777777778,0.233333333333333,0.238888888888889,0.244444444444444,0.25,0.255555555555556,0.261111111111111,0.266666666666667,0.272222222222222,0.277777777777778,0.283333333333333,0.288888888888889,0.294444444444444,0.3,0.305555555555556,0.311111111111111,0.316666666666667,0.322222222222222,0.327777777777778,0.333333333333333,0.338888888888889,0.344444444444444,0.35,0.355555555555556,0.361111111111111,0.366666666666667,0.372222222222222,0.377777777777778,0.383333333333333,0.388888888888889,0.394444444444444,0.4,0.405555555555556,0.411111111111111,0.416666666666667,0.422222222222222,0.427777777777778,0.433333333333333,0.438888888888889,0.444444444444444,0.45,0.455555555555555,0.461111111111111,0.466666666666667,0.472222222222222,0.477777777777778,0.483333333333333,0.488888888888889,0.494444444444444,0.5,0.505555555555555,0.511111111111111,0.516666666666666,0.522222222222222,0.527777777777778,0.533333333333333,0.538888888888889,0.544444444444445,0.55,0.555555555555556,0.561111111111111,0.566666666666667,0.572222222222222,0.577777777777778,0.583333333333333,0.588888888888889,0.594444444444444,0.6,0.605555555555555,0.611111111111111,0.616666666666667,0.622222222222222,0.627777777777778,0.633333333333333,0.638888888888889,0.644444444444444,0.65,0.655555555555555,0.661111111111111,0.666666666666667,0.672222222222222,0.677777777777778,0.683333333333333,0.688888888888889,0.694444444444444,0.7,0.705555555555555,0.711111111111111,0.716666666666667,0.722222222222222,0.727777777777778,0.733333333333333,0.738888888888889,0.744444444444444,0.75,0.755555555555556,0.761111111111111,0.766666666666667,0.772222222222222,0.777777777777778,0.783333333333333,0.788888888888889,0.794444444444444,0.8,0.805555555555555,0.811111111111111,0.816666666666667,0.822222222222222,0.827777777777778,0.833333333333333,0.838888888888889,0.844444444444444,0.85,0.855555555555555,0.861111111111111,0.866666666666667,0.872222222222222,0.877777777777778,0.883333333333333,0.888888888888889,0.894444444444444,0.9,0.905555555555555,0.911111111111111,0.916666666666667,0.922222222222222,0.927777777777777,0.933333333333333,0.938888888888889,0.944444444444444,0.95,0.955555555555556,0.961111111111111,0.966666666666666,0.972222222222222,0.977777777777778,0.983333333333333,0.988888888888889,0,0,0,0,0,0,0,0,0,0,0,0,0,0,0,0,0,0,0,0,0,0,0,0,0,0,0,0,0,0,0,0,0,0,0,0,0,0,0,0,0,0,0,0,0,0,0,0,0,0,0,0,0,0,0,0,0,0,0,0,0,0,0,0,0,0,0,0,0,0,0,0,0,0,0,0,0,0,0,0,0,0,0,0,0,0,0,0,0,0,0,0,0,0,0,0,0,0,0,0,0,0,0,0,0,0,0,0,0,0,0,0,0,0,0,0,0,0,0,0,0,0,0,0,0,0,0,0,0,0,0,0,0,0,0,0,0,0,0,0,0,0,0,0,0,0,0,0,0,0,0,0,0,0,0,0,0,0,0,0,0,0,0,0,0,0,0,0,0,0,0,0,0,0,0,0,0,0
0.5,0.00593187718772447,0.00647379690083309,0.00727676317956697,0.0084330491120279,0.00990405495811329,0.0114757743348913,0.0129493814893657,0.0142490277947731,0.0153751722826106,0.0163530497673074,0.0172107629828142,0.0179728141172442,0.0186590637401491,0.0192852508433371,0.0198638092041809,0.0204046138299872,0.0209155797723133,0.0214031207734614,0.0218724948526493,0.022328063784196,0.0227734883810478,0.0232118761898601,0.0236458938323786,0.024077852915724,0.0245097760101307,0.024943447444243,0.0253804524137073,0.0258222070002322,0.0262699810548628,0.026724915439277,0.0271880347914153,0.0276602567502669,0.0281423984124641,0.0286351806805746,0.0291392310839612,0.0296550855952925,0.0301831899188447,0.0307239006821114,0.0312774869133526,0.0318441321300489,0.0324239372946235,0.0330169248147189,0.0336230436785374,0.0342421757262614,0.0348741429724701,0.0355187158184027,0.0361756219326672,0.036844555538861,0.0375251868305764,0.0382171712380481,0.0389201582937003,0.0396337998817796,0.0403577577050235,0.0410917098534824,0.0418353564124345,0.042588424093854,0.043350669916457,0.0441218839914222,0.0449018914941136,0.0456905539168755,0.0464877697052389,0.0472934743810715,0.048107640252579,0.0489302758041972,0.0497614248503674,0.0506011655270465,0.0514496091844028,0.0523068992339533,0.0531732099939491,0.0540487455682369,0.0549337387863291,0.0558284502259279,0.0567331673337724,0.0576482036562226,0.0585738981874211,0.059510614840108,0.060458742042015,0.0614186924592017,0.0623909028466299,0.0633758340255825,0.0643739709871465,0.065385823120861,0.0664119245677879,0.0674528346974635,0.0685091387086633,0.0695814483543954,0.0706704027921557,0.0717766695612119,0.0729009456893627,0.0740439589325695,0.0752064691515696,0.0763892698307348,0.0775931897452341,0.0788190947838361,0.0800678899356645,0.0813405214506399,0.0826379791844657,0.0839612991407607,0.0853115662241384,0.0866899172201255,0.0880975440194747,0.0895356971065345,0.0910056893336819,0.0925089000063775,0.0940467793060509,0.0956208530814605,0.0972327280423987,0.0988840973936468,0.100576746951592,0.102312561790684,0.104093533472759,0.1059217679182,0.107799493985588,0.109729072834125,0.11171300815264,0.113753957349483,0.115854743809649,0.118018370339063,0.120248033932125,0.122547142016448,0.124919330349674,0.127368482767943,0.129898753012461,0.13251458889456,0.135220759096009,0.138022382946622,0.140924963571722,0.143934424863481,0.14705715280052,0.150300041724742,0.153670546283252,0.157176739861636,0.160827380475377,0.164631985254115,0.168600914855793,0.172745469389876,0.177077997723612,0.181612022401956,0.186362382846327,0.191345400031652,0.19657906649643,0.2020832663525,0.207880030970296,0.213993837276198,0.22045195718492,0.227284868694364,0.234526741723253,0.242216015041005,0.250396084858913,0.259116131140346,0.268432114864927,0.278407988994833,0.289117178539159,0.300644402172472,0.313087931036704,0.326562412243814,0.341202428940144,0.357167031297474,0.37464556206961,0.393865229811803,0.415101073644808,0.438689249598508,0.465045006261184,0.494687401281122,0.528273904477978,0.566649830848902,0.610920588805536,0.662560052542885,0.723578046567053,0.79678832098111,0.886255176950937,0.998075061197004,1.14182809878544,1.33348115835607,1.60177459633685,2.00418911635484,2.67484634809535,4.01611116565566,0,0,0,0,0,0,0,0,0,0,0,0,0,0,0,0,0,0,0,0,0,0,0,0,0,0,0,0,0,0,0,0,0,0,0,0,0,0,0,0,0,0,0,0,0,0,0,0,0,0,0,0,0,0,0,0,0,0,0,0,0,0,0,0,0,0,0,0,0,0,0,0,0,0,0,0,0,0,0,0,0,0,0,0,0,0,0,0,0,0,0,0,0,0,0,0,0,0,0,0,0,0,0,0,0,0,0,0,0,0,0,0,0,0,0,0,0,0,0,0,0,0,0,0,0,0,0,0,0,0,0,0,0,0,0,0,0,0,0,0,0,0,0,0,0,0,0,0,0,0,0,0,0,0,0,0,0,0,0,0,0,0,0,0,0,0,0,0,0,0,0,0,0,0,0,0,0,0
0.7,1,2,3,4,5,6,7,8,9,10,11,12,13,14,15,16,17,18,19,20,21,22,23,24,25,26,27,28,29,30,31,32,33,34,35,36,37,38,39,40,41,42,43,44,45,46,47,48,49,50,51,52,53,54,55,56,57,58,59,60,61,62,63,64,65,66,67,68,69,70,71,72,73,74,75,76,77,78,79,80,81,82,83,84,85,86,87,88,89,90,91,92,93,94,95,96,97,98,99,100,101,102,103,104,105,106,107,108,109,110,111,112,113,114,115,116,117,118,119,120,121,122,123,124,0,0,0,0,0,0,0,0,0,0,0,0,0,0,0,0,0,0,0,0,0,0,0,0,0,0,0,0,0,0,0,0,0,0,0,0,0,0,0,0,0,0,0,0,0,0,0,0,0,0,0,0,0,0,0,0,0,0,0,0,0,0,0,0,0,0,0,0,0,0,0,0,0,0,0,0,0,0,0,0,0,0,0,0,0,0,0,0,0,0,0,0,0,0,0,0,0,0,0,0,0,0,0,0,0,0,0,0,0,0,0,0,0,0,0,0,0,0,0,0,0,0,0,0,0,0,0,0,0,0,0,0,0,0,0,0,0,0,0,0,0,0,0,0,0,0,0,0,0,0,0,0,0,0,0,0,0,0,0,0,0,0,0,0,0,0,0,0,0,0,0,0,0,0,0,0,0,0,0,0,0,0,0,0,0,0,0,0,0,0,0,0,0,0,0,0,0,0,0,0,0,0,0,0,0,0,0,0,0,0,0,0,0,0,0,0,0,0,0,0,0,0,0,0,0,0,0,0,0,0,0,0
0.00555555555555556,0.00793650793650794,0.0158730158730159,0.0238095238095238,0.0317460317460317,0.0396825396825397,0.0476190476190476,0.0555555555555556,0.0634920634920635,0.0714285714285714,0.0793650793650794,0.0873015873015873,0.0952380952380953,0.103174603174603,0.111111111111111,0.119047619047619,0.126984126984127,0.134920634920635,0.142857142857143,0.150793650793651,0.158730158730159,0.166666666666667,0.174603174603175,0.182539682539683,0.190476190476191,0.198412698412698,0.206349206349206,0.214285714285714,0.222222222222222,0.23015873015873,0.238095238095238,0.246031746031746,0.253968253968254,0.261904761904762,0.26984126984127,0.277777777777778,0.285714285714286,0.293650793650794,0.301587301587302,0.30952380952381,0.317460317460317,0.325396825396825,0.333333333333333,0.341269841269841,0.349206349206349,0.357142857142857,0.365079365079365,0.373015873015873,0.380952380952381,0.388888888888889,0.396825396825397,0.404761904761905,0.412698412698413,0.420634920634921,0.428571428571429,0.436507936507937,0.444444444444444,0.452380952380952,0.46031746031746,0.468253968253968,0.476190476190476,0.484126984126984,0.492063492063492,0.5,0.507936507936508,0.515873015873016,0.523809523809524,0.531746031746032,0.53968253968254,0.547619047619048,0.555555555555556,0.563492063492064,0.571428571428571,0.579365079365079,0.587301587301587,0.595238095238095,0.603174603174603,0.611111111111111,0.619047619047619,0.626984126984127,0.634920634920635,0.642857142857143,0.650793650793651,0.658730158730159,0.666666666666667,0.674603174603175,0.682539682539683,0.69047619047619,0.698412698412698,0.706349206349207,0.714285714285714,0.722222222222222,0.73015873015873,0.738095238095238,0.746031746031746,0.753968253968254,0.761904761904762,0.76984126984127,0.777777777777778,0.785714285714286,0.793650793650794,0.801587301587302,0.80952380952381,0.817460317460318,0.825396825396826,0.833333333333333,0.841269841269841,0.849206349206349,0.857142857142857,0.865079365079365,0.873015873015873,0.880952380952381,0.888888888888889,0.896825396825397,0.904761904761905,0.912698412698413,0.920634920634921,0.928571428571428,0.936507936507936,0.944444444444445,0.952380952380953,0.96031746031746,0.968253968253968,0.976190476190476,0.984126984126984,0,0,0,0,0,0,0,0,0,0,0,0,0,0,0,0,0,0,0,0,0,0,0,0,0,0,0,0,0,0,0,0,0,0,0,0,0,0,0,0,0,0,0,0,0,0,0,0,0,0,0,0,0,0,0,0,0,0,0,0,0,0,0,0,0,0,0,0,0,0,0,0,0,0,0,0,0,0,0,0,0,0,0,0,0,0,0,0,0,0,0,0,0,0,0,0,0,0,0,0,0,0,0,0,0,0,0,0,0,0,0,0,0,0,0,0,0,0,0,0,0,0,0,0,0,0,0,0,0,0,0,0,0,0,0,0,0,0,0,0,0,0,0,0,0,0,0,0,0,0,0,0,0,0,0,0,0,0,0,0,0,0,0,0,0,0,0,0,0,0,0,0,0,0,0,0,0,0,0,0,0,0,0,0,0,0,0,0,0,0,0,0,0,0,0,0,0,0,0,0,0,0,0,0,0,0,0,0,0,0,0,0,0,0,0,0,0,0,0,0,0,0,0,0,0,0,0,0,0,0,0,0
0.5,0.00877001857942022,0.010202745444885,0.0126119418525367,0.0157576338844277,0.0187802802923603,0.0213033807092359,0.0233614996675822,0.0250682977594804,0.0265214755517197,0.0277927703149547,0.0289335107844817,0.0299807555510955,0.0309618018869828,0.031897233977423,0.0328029514202476,0.0336915255181945,0.0345731158063437,0.035456095844234,0.0363474832986758,0.0372532355007807,0.0381784506275385,0.0391275016225336,0.0401041219414823,0.0411114573272446,0.0421520948892807,0.0432280789650027,0.0443409219771959,0.0454916173286409,0.0466806599919248,0.0479080787199688,0.0491734817569129,0.0504761157634519,0.0518149356785897,0.0531886817218904,0.0545959589114973,0.0560353144003373,0.0575053085251431,0.0590045765126975,0.0605318790397348,0.0620861410623034,0.0636664793487275,0.0652722198812501,0.06690290672206,0.0685583041076356,0.0702383935047691,0.07194336720081,0.0736736197703959,0.0754297385077424,0.07721249366891,0.0790228291507052,0.080861854050522,0.0827308354060017,0.0846311923025767,0.0865644914562017,0.0885324443229014,0.0905369057508319,0.0925798741703024,0.0946634933084423,0.0967900554153111,0.0989620059947079,0.101181950044206,0.1034526598237,0.105777084189385,0.108158359550088,0.110599822524983,0.113105024406122,0.115677747556014,0.118322023900124,0.121042155707011,0.123842738885895,0.12672868907306,0.12970527082614,0.132778130299952,0.135953331840787,0.13923739900947,0.142637360629552,0.14616080255812,0.14981592599639,0.153611613298816,0.157557502409313,0.16166407125523,0.165942733674289,0.170405948743525,0.175067345737772,0.179941867379805,0.185045934578966,0.19039763651097,0.196016950703703,0.201925998802885,0.208149344954081,0.214714345321085,0.221651559268993,0.228995235290039,0.23678388802241,0.245060986929916,0.253875782697805,0.263284304585247,0.273350571473722,0.28414807201633,0.295761586334266,0.30828944490029,0.321846352114698,0.336566946448235,0.352610331500799,0.370165901628963,0.38946091523537,0.410770459593881,0.434430737259771,0.46085704177642,0.490568474238672,0.524222546455572,0.562664614016796,0.607000124579087,0.658702990280229,0.719783072325252,0.793054156318783,0.882580577751027,0.994458816578781,1.13826902997202,1.32997811778308,1.5983264664161,2.00079480868587,2.67150480306998,4.01282134969369,0,0,0,0,0,0,0,0,0,0,0,0,0,0,0,0,0,0,0,0,0,0,0,0,0,0,0,0,0,0,0,0,0,0,0,0,0,0,0,0,0,0,0,0,0,0,0,0,0,0,0,0,0,0,0,0,0,0,0,0,0,0,0,0,0,0,0,0,0,0,0,0,0,0,0,0,0,0,0,0,0,0,0,0,0,0,0,0,0,0,0,0,0,0,0,0,0,0,0,0,0,0,0,0,0,0,0,0,0,0,0,0,0,0,0,0,0,0,0,0,0,0,0,0,0,0,0,0,0,0,0,0,0,0,0,0,0,0,0,0,0,0,0,0,0,0,0,0,0,0,0,0,0,0,0,0,0,0,0,0,0,0,0,0,0,0,0,0,0,0,0,0,0,0,0,0,0,0,0,0,0,0,0,0,0,0,0,0,0,0,0,0,0,0,0,0,0,0,0,0,0,0,0,0,0,0,0,0,0,0,0,0,0,0,0,0,0,0,0,0,0,0,0,0,0,0,0,0,0,0,0,0
1.3,1,2,3,4,5,6,7,8,9,10,11,12,13,14,15,16,17,18,19,20,21,22,23,24,25,26,27,28,29,30,31,32,33,34,35,36,37,38,39,40,41,42,43,44,45,46,47,48,49,50,51,52,53,54,55,56,57,58,59,60,61,62,63,64,65,66,67,68,69,70,71,72,73,74,75,76,77,78,79,80,81,82,83,84,85,86,87,88,89,90,91,92,93,94,95,96,97,98,99,100,101,102,103,104,105,106,107,108,109,110,111,112,113,114,115,116,117,118,119,120,121,122,123,124,125,126,127,128,129,130,131,132,133,134,135,136,137,138,139,140,141,142,143,144,145,146,147,148,149,150,151,152,153,154,155,156,157,158,159,160,161,162,163,164,165,166,167,168,169,170,171,172,173,174,175,176,177,178,179,180,181,182,183,184,185,186,187,188,189,190,191,192,193,194,195,196,197,198,199,200,201,202,203,204,205,206,207,208,209,210,211,212,213,214,215,216,217,218,219,220,221,222,223,224,225,226,227,228,229,230,231,0,0,0,0,0,0,0,0,0,0,0,0,0,0,0,0,0,0,0,0,0,0,0,0,0,0,0,0,0,0,0,0,0,0,0,0,0,0,0,0,0,0,0,0,0,0,0,0,0,0,0,0,0,0,0,0,0,0,0,0,0,0,0,0,0,0,0,0,0,0,0,0,0,0,0,0,0,0,0,0,0,0,0,0,0,0,0,0,0,0,0,0,0,0,0,0,0,0,0,0,0,0,0,0,0,0,0,0,0,0,0,0,0,0,0,0,0,0,0,0,0,0,0,0,0
0.00555555555555556,0.00427350427350427,0.00854700854700855,0.0128205128205128,0.0170940170940171,0.0213675213675214,0.0256410256410256,0.0299145299145299,0.0341880341880342,0.0384615384615385,0.0427350427350427,0.047008547008547,0.0512820512820513,0.0555555555555556,0.0598290598290598,0.0641025641025641,0.0683760683760684,0.0726495726495727,0.0769230769230769,0.0811965811965812,0.0854700854700855,0.0897435897435898,0.094017094017094,0.0982905982905983,0.102564102564103,0.106837606837607,0.111111111111111,0.115384615384615,0.11965811965812,0.123931623931624,0.128205128205128,0.132478632478632,0.136752136752137,0.141025641025641,0.145299145299145,0.14957264957265,0.153846153846154,0.158119658119658,0.162393162393162,0.166666666666667,0.170940170940171,0.175213675213675,0.17948717948718,0.183760683760684,0.188034188034188,0.192307692307692,0.196581196581197,0.200854700854701,0.205128205128205,0.209401709401709,0.213675213675214,0.217948717948718,0.222222222222222,0.226495726495726,0.230769230769231,0.235042735042735,0.239316239316239,0.243589743589744,0.247863247863248,0.252136752136752,0.256410256410256,0.260683760683761,0.264957264957265,0.269230769230769,0.273504273504273,0.277777777777778,0.282051282051282,0.286324786324786,0.290598290598291,0.294871794871795,0.299145299145299,0.303418803418803,0.307692307692308,0.311965811965812,0.316239316239316,0.32051282051282,0.324786324786325,0.329059829059829,0.333333333333333,0.337606837606838,0.341880341880342,0.346153846153846,0.35042735042735,0.354700854700855,0.358974358974359,0.363247863247863,0.367521367521368,0.371794871794872,0.376068376068376,0.38034188034188,0.384615384615385,0.388888888888889,0.393162393162393,0.397435897435897,0.401709401709402,0.405982905982906,0.41025641025641,0.414529914529915,0.418803418803419,0.423076923076923,0.427350427350427,0.431623931623932,0.435897435897436,0.44017094017094,0.444444444444444,0.448717948717949,0.452991452991453,0.457264957264957,0.461538461538462,0.465811965811966,0.47008547008547,0.474358974358974,0.478632478632479,0.482905982905983,0.487179487179487,0.491452991452991,0.495726495726496,0.5,0.504273504273504,0.508547008547009,0.512820512820513,0.517094017094017,0.521367521367521,0.525641025641026,0.52991452991453,0.534188034188034,0.538461538461538,0.542735042735043,0.547008547008547,0.551282051282051,0.555555555555556,0.55982905982906,0.564102564102564,0.568376068376068,0.572649572649573,0.576923076923077,0.581196581196581,0.585470085470085,0.58974358974359,0.594017094017094,0.598290598290598,0.602564102564103,0.606837606837607,0.611111111111111,0.615384615384615,0.61965811965812,0.623931623931624,0.628205128205128,0.632478632478632,0.636752136752137,0.641025641025641,0.645299145299145,0.649572649572649,0.653846153846154,0.658119658119658,0.662393162393162,0.666666666666667,0.670940170940171,0.675213675213675,0.679487179487179,0.683760683760684,0.688034188034188,0.692307692307692,0.696581196581196,0.700854700854701,0.705128205128205,0.709401709401709,0.713675213675213,0.717948717948718,0.722222222222222,0.726495726495726,0.730769230769231,0.735042735042735,0.739316239316239,0.743589743589743,0.747863247863248,0.752136752136752,0.756410256410256,0.760683760683761,0.764957264957265,0.769230769230769,0.773504273504274,0.777777777777778,0.782051282051282,0.786324786324786,0.79059829059829,0.794871794871795,0.799145299145299,0.803418803418803,0.807692307692308,0.811965811965812,0.816239316239316,0.820512820512821,0.824786324786325,0.829059829059829,0.833333333333333,0.837606837606838,0.841880341880342,0.846153846153846,0.85042735042735,0.854700854700855,0.858974358974359,0.863247863247863,0.867521367521367,0.871794871794872,0.876068376068376,0.88034188034188,0.884615384615385,0.888888888888889,0.893162393162393,0.897435897435897,0.901709401709402,0.905982905982906,0.91025641025641,0.914529914529915,0.918803418803419,0.923076923076923,0.927350427350427,0.931623931623931,0.935897435897436,0.94017094017094,0.944444444444444,0.948717948717949,0.952991452991453,0.957264957264957,0.961538461538461,0.965811965811966,0.97008547008547,0.974358974358974,0.978632478632479,0.982905982905983,0.987179487179487,0,0,0,0,0,0,0,0,0,0,0,0,0,0,0,0,0,0,0,0,0,0,0,0,0,0,0,0,0,0,0,0,0,0,0,0,0,0,0,0,0,0,0,0,0,0,0,0,0,0,0,0,0,0,0,0,0,0,0,0,0,0,0,0,0,0,0,0,0,0,0,0,0,0,0,0,0,0,0,0,0,0,0,0,0,0,0,0,0,0,0,0,0,0,0,0,0,0,0,0,0,0,0,0,0,0,0,0,0,0,0,0,0,0,0,0,0,0,0,0,0,0,0,0,0
0.5,0.0044870253771549,0.00476749950259258,0.00514455991247964,0.00565572119133126,0.00633170366658672,0.0071634457294869,0.00808468590215773,0.00900932026178417,0.00987836893472866,0.0106680377648299,0.0113761788532907,0.0120099559974936,0.0125792690517749,0.0130939511289336,0.0135627805426519,0.0139932592485898,0.0143916828678911,0.0147633021420883,0.0151124963004495,0.0154429298007059,0.0157576847577236,0.0160593694267523,0.0163502058089719,0.0166320999845301,0.0169066985071357,0.0171754336801507,0.0174395600023231,0.0177001836017858,0.0179582860892471,0.0182147439516014,0.0184703443639811,0.0187257981089556,0.0189817501448371,0.0192387882514799,0.0194974500940872,0.0197582289775926,0.0200215785116077,0.0202879163653846,0.0205576272609822,0.020831065328899,0.0211085559321733,0.0213903970511259,0.0216768603104799,0.0219681917226918,0.0222646122152275,0.022566318004604,0.0228734808757476,0.0231862484210982,0.023504744289583,0.0238290684907237,0.0241592977935854,0.0244954862538837,0.0248376658953566,0.0251858475636362,0.0255400219624824,0.0259001608737245,0.0262662185539223,0.0266381332929905,0.0270158291131916,0.0273992175812981,0.0277881997026036,0.0281826678629401,0.0285825077839987,0.0289876004579226,0.029397824029268,0.0298130555956542,0.0302331729025918,0.0306580559126709,0.0310875882342743,0.0315216583999892,0.0319601609896028,0.0324029975969283,0.0328500776434807,0.0333013190451791,0.0337566487407629,0.0342160030924788,0.0346793281708501,0.0351465799360574,0.0356177243287295,0.0360927372827795,0.0365716046725329,0.0370543222056667,0.0375408952727023,0.0380313387628329,0.0385256768549034,0.0390239427913565,0.0395261786420034,0.0400324350635373,0.0405427710598534,0.0410572537474445,0.0415759581294127,0.042098966881018,0.0426263701491016,0.0431582653672519,0.0436947570881574,0.044235956834233,0.0447819829673084,0.0453329605779659,0.0458890213948315,0.0464503037140883,0.0470169523492499,0.0475891186012264,0.0481669602486179,0.0487506415581407,0.0493403333150751,0.0499362128736406,0.0505384642271747,0.0511472780980856,0.0517628520475005,0.0523853906046681,0.0530151054161485,0.0536522154149138,0.0542969470095789,0.0549495342939849,0.0556102192774757,0.0562792521362981,0.0569568914865927,0.0576434046795672,0.0583390681195331,0.0590441676055688,0.0597589986976566,0.0604838671083247,0.0612190891208356,0.061964992035157,0.0627219146430484,0.0634902077337245,0.0642702346317493,0.0650623717688581,0.0658670092917376,0.0666845517077913,0.0675154185712269,0.0683600452119704,0.0692188835101479,0.0700924027190258,0.0709810903397503,0.0718854530512574,0.0728060176993043,0.0737433323486218,0.0746979674028061,0.075670516796794,0.0766615992672675,0.0776718597068276,0.0787019706082146,0.0797526336055612,0.0808245811201146,0.0819185781187477,0.0830354239942718,0.0841759545771986,0.085341044289997,0.0865316084554877,0.0877486057722719,0.088993040971556,0.0902659676709645,0.0915684914423908,0.0929017731130386,0.0942670323203351,0.0956655513439326,0.0970986792402006,0.0985678363073701,0.100074518912857,0.101620304716911,0.103206858331826,0.10483593745905,0.106509399552234,0.108229209059558,0.109997445304908,0.111816311074532,0.113688141984321,0.115615416711347,0.117600768184521,0.119646995840671,0.121757079066736,0.123934191963466,0.126181719585664,0.128503275833489,0.130902723194322,0.13338419456273,0.135952117397436,0.138611240514137,0.141366663854096,0.144223871623476,0.147188769255114,0.150267724719462,0.153467614791701,0.156795876984347,0.160260567971672,0.163870429470381,0.16763496271601,0.171564512866271,0.175670364915506,0.179964852992236,0.184461485268862,0.18917508715203,0.194121965950508,0.19932010087714,0.20478936304876,0.210551771163491,0.21663178979114,0.22305667879432,0.22985690441968,0.237066625123019,0.244724268494226,0.252873219843024,0.261562648495066,0.270848505056306,0.280794732369672,0.291474745570337,0.302973253701378,0.315388518506332,0.328835177928013,0.343447806163423,0.359385444654734,0.376837427633599,0.396030955336099,0.417241058767653,0.440803886030711,0.467134677984317,0.496752484720489,0.530314768680606,0.568666837666873,0.612914093065469,0.664530402191965,0.725525582863025,0.798713378624427,0.888158084248242,0.999956140214443,1.14368766540539,1.33531952265153,1.60359206240824,2.00598598260597,2.67662290773185,0,0,0,0,0,0,0,0,0,0,0,0,0,0,0,0,0,0,0,0,0,0,0,0,0,0,0,0,0,0,0,0,0,0,0,0,0,0,0,0,0,0,0,0,0,0,0,0,0,0,0,0,0,0,0,0,0,0,0,0,0,0,0,0,0,0,0,0,0,0,0,0,0,0,0,0,0,0,0,0,0,0,0,0,0,0,0,0,0,0,0,0,0,0,0,0,0,0,0,0,0,0,0,0,0,0,0,0,0,0,0,0,0,0,0,0,0,0,0,0,0,0,0,0,0
0.9,1,2,3,4,5,6,7,8,9,10,11,12,13,14,15,16,17,18,19,20,21,22,23,24,25,26,27,28,29,30,31,32,33,34,35,36,37,38,39,40,41,42,43,44,45,46,47,48,49,50,51,52,53,54,55,56,57,58,59,60,61,62,63,64,65,66,67,68,69,70,71,72,73,74,75,76,77,78,79,80,81,82,83,84,85,86,87,88,89,90,91,92,93,94,95,96,97,98,99,100,101,102,103,104,105,106,107,108,109,110,111,112,113,114,115,116,117,118,119,120,121,122,123,124,125,126,127,128,129,130,131,132,133,134,135,136,137,138,139,140,141,142,143,144,145,146,147,148,149,150,151,152,153,154,155,156,157,158,159,160,0,0,0,0,0,0,0,0,0,0,0,0,0,0,0,0,0,0,0,0,0,0,0,0,0,0,0,0,0,0,0,0,0,0,0,0,0,0,0,0,0,0,0,0,0,0,0,0,0,0,0,0,0,0,0,0,0,0,0,0,0,0,0,0,0,0,0,0,0,0,0,0,0,0,0,0,0,0,0,0,0,0,0,0,0,0,0,0,0,0,0,0,0,0,0,0,0,0,0,0,0,0,0,0,0,0,0,0,0,0,0,0,0,0,0,0,0,0,0,0,0,0,0,0,0,0,0,0,0,0,0,0,0,0,0,0,0,0,0,0,0,0,0,0,0,0,0,0,0,0,0,0,0,0,0,0,0,0,0,0,0,0,0,0,0,0,0,0,0,0,0,0,0,0,0,0,0,0,0,0,0,0,0,0,0,0,0,0,0,0,0,0,0,0,0,0
0.00555555555555556,0.00617283950617284,0.0123456790123457,0.0185185185185185,0.0246913580246913,0.0308641975308642,0.037037037037037,0.0432098765432099,0.0493827160493827,0.0555555555555555,0.0617283950617284,0.0679012345679012,0.0740740740740741,0.0802469135802469,0.0864197530864197,0.0925925925925926,0.0987654320987654,0.104938271604938,0.111111111111111,0.117283950617284,0.123456790123457,0.12962962962963,0.135802469135802,0.141975308641975,0.148148148148148,0.154320987654321,0.160493827160494,0.166666666666667,0.172839506172839,0.179012345679012,0.185185185185185,0.191358024691358,0.197530864197531,0.203703703703704,0.209876543209877,0.216049382716049,0.222222222222222,0.228395061728395,0.234567901234568,0.240740740740741,0.246913580246914,0.253086419753086,0.259259259259259,0.265432098765432,0.271604938271605,0.277777777777778,0.283950617283951,0.290123456790123,0.296296296296296,0.302469135802469,0.308641975308642,0.314814814814815,0.320987654320988,0.32716049382716,0.333333333333333,0.339506172839506,0.345679012345679,0.351851851851852,0.358024691358025,0.364197530864197,0.37037037037037,0.376543209876543,0.382716049382716,0.388888888888889,0.395061728395062,0.401234567901235,0.407407407407407,0.41358024691358,0.419753086419753,0.425925925925926,0.432098765432099,0.438271604938272,0.444444444444444,0.450617283950617,0.45679012345679,0.462962962962963,0.469135802469136,0.475308641975309,0.481481481481481,0.487654320987654,0.493827160493827,0.5,0.506172839506173,0.512345679012346,0.518518518518518,0.524691358024691,0.530864197530864,0.537037037037037,0.54320987654321,0.549382716049383,0.555555555555555,0.561728395061728,0.567901234567901,0.574074074074074,0.580246913580247,0.58641975308642,0.592592592592593,0.598765432098765,0.604938271604938,0.611111111111111,0.617283950617284,0.623456790123457,0.62962962962963,0.635802469135802,0.641975308641975,0.648148148148148,0.654320987654321,0.660493827160494,0.666666666666667,0.672839506172839,0.679012345679012,0.685185185185185,0.691358024691358,0.697530864197531,0.703703703703703,0.709876543209876,0.716049382716049,0.722222222222222,0.728395061728395,0.734567901234568,0.740740740740741,0.746913580246913,0.753086419753086,0.759259259259259,0.765432098765432,0.771604938271605,0.777777777777778,0.78395061728395,0.790123456790123,0.796296296296296,0.802469135802469,0.808641975308642,0.814814814814815,0.820987654320988,0.82716049382716,0.833333333333333,0.839506172839506,0.845679012345679,0.851851851851852,0.858024691358025,0.864197530864197,0.87037037037037,0.876543209876543,0.882716049382716,0.888888888888889,0.895061728395061,0.901234567901235,0.907407407407407,0.91358024691358,0.919753086419753,0.925925925925926,0.932098765432099,0.938271604938271,0.944444444444444,0.950617283950617,0.95679012345679,0.962962962962963,0.969135802469136,0.975308641975309,0.981481481481481,0.987654320987654,0,0,0,0,0,0,0,0,0,0,0,0,0,0,0,0,0,0,0,0,0,0,0,0,0,0,0,0,0,0,0,0,0,0,0,0,0,0,0,0,0,0,0,0,0,0,0,0,0,0,0,0,0,0,0,0,0,0,0,0,0,0,0,0,0,0,0,0,0,0,0,0,0,0,0,0,0,0,0,0,0,0,0,0,0,0,0,0,0,0,0,0,0,0,0,0,0,0,0,0,0,0,0,0,0,0,0,0,0,0,0,0,0,0,0,0,0,0,0,0,0,0,0,0,0,0,0,0,0,0,0,0,0,0,0,0,0,0,0,0,0,0,0,0,0,0,0,0,0,0,0,0,0,0,0,0,0,0,0,0,0,0,0,0,0,0,0,0,0,0,0,0,0,0,0,0,0,0,0,0,0,0,0,0,0,0,0,0,0,0,0,0,0,0,0,0
0.5,0.00664716655628386,0.00736198562341941,0.00846733582114173,0.0100646257645058,0.0119781336249502,0.0138622268568981,0.0155287346946062,0.0169532163677835,0.0181700552970084,0.0192219519358901,0.0201458352699169,0.0209708801356048,0.0217195881579673,0.022409301354745,0.0230535006781456,0.0236627976004902,0.0242456633529555,0.0248089597602176,0.025358326007416,0.025898461995624,0.0264333373771881,0.0269663467757731,0.0275004256159598,0.0280381367593909,0.0285817352222012,0.0291332162314934,0.0296943504880855,0.030266709547341,0.0308516835782882,0.0314504933214572,0.0320641977716305,0.032693698912879,0.0333397446904347,0.034002931285391,0.0346837056388031,0.0353823690333872,0.0360990823734793,0.0368338736058433,0.0375866475025999,0.0383571977977453,0.0391452214499219,0.039950334616765,0.0407720897876834,0.0416099934436912,0.0424635235978316,0.0433321466128428,0.0442153327821772,0.0451125702804444,0.0460233772231592,0.0469473117077768,0.0478839798267201,0.0488330417405591,0.0497942159720955,0.0507672821298622,0.0517520822946068,0.0527485213088653,0.0537565662018886,0.0547762449646752,0.0558076448662577,0.056850910476094,0.0579062415306805,0.0589738907570296,0.0600541617424854,0.0611474069200239,0.0622540257209634,0.0633744629326769,0.0645092072874706,0.0656587902998015,0.0668237853621263,0.0680048071047775,0.06920251102171,0.0704175933617585,0.07165079128385,0.072902883274154,0.0741746898233428,0.0754670743628958,0.0767809444603898,0.078117253275198,0.0794770012775797,0.0808612382361522,0.0822710654806345,0.0837076384490924,0.0851721695313191,0.0866659312224796,0.088190259604067,0.0897465581721248,0.0913363020360144,0.092961042514464,0.0946224121597178,0.0963221302445829,0.0980620087522162,0.0998439589134585,0.101669998342615,0.103542258828913,0.105462994848521,0.1074345928699,0.109459581535241,0.111540642810838,0.113680624211878,0.115882552220731,0.118149647033916,0.120485338790982,0.122893285459708,0.12537739257642,0.127941835067698,0.130591081412977,0.133329920445018,0.136163491129378,0.139097315715616,0.142137336713635,0.145289958219703,0.148562092200325,0.151961210442566,0.155495402995884,0.159173444073077,0.163004866544195,0.167000046360845,0.171170298489623,0.17552798622919,0.180086646140433,0.184861131256253,0.189867775769028,0.195124585051333,0.200651455676285,0.206470431113094,0.212606000035178,0.219085445761988,0.22593925736441,0.2332016155117,0.240910969411076,0.249110725409436,0.257850073309547,0.267184983647196,0.27717941866326,0.287906812378158,0.299451892217028,0.311912937821262,0.325404604558601,0.340061483594052,0.356042632890728,0.373537402769495,0.392773009139921,0.414024498265876,0.437628033123959,0.463998869049072,0.493656070246549,0.527257112911622,0.565647318243534,0.609932100676643,0.661585340257291,0.72261686720412,0.795840437151241,0.88532035664831,0.997153077676652,1.14091873036451,1.332584188387,1.60088981292269,2.00331631215177,2.67398532103706,4.01526171644225,0,0,0,0,0,0,0,0,0,0,0,0,0,0,0,0,0,0,0,0,0,0,0,0,0,0,0,0,0,0,0,0,0,0,0,0,0,0,0,0,0,0,0,0,0,0,0,0,0,0,0,0,0,0,0,0,0,0,0,0,0,0,0,0,0,0,0,0,0,0,0,0,0,0,0,0,0,0,0,0,0,0,0,0,0,0,0,0,0,0,0,0,0,0,0,0,0,0,0,0,0,0,0,0,0,0,0,0,0,0,0,0,0,0,0,0,0,0,0,0,0,0,0,0,0,0,0,0,0,0,0,0,0,0,0,0,0,0,0,0,0,0,0,0,0,0,0,0,0,0,0,0,0,0,0,0,0,0,0,0,0,0,0,0,0,0,0,0,0,0,0,0,0,0,0,0,0,0,0,0,0,0,0,0,0,0,0,0,0,0,0,0,0,0,0,0
1.7,1,2,3,4,5,6,7,8,9,10,11,12,13,14,15,16,17,18,19,20,21,22,23,24,25,26,27,28,29,30,31,32,33,34,35,36,37,38,39,40,41,42,43,44,45,46,47,48,49,50,51,52,53,54,55,56,57,58,59,60,61,62,63,64,65,66,67,68,69,70,71,72,73,74,75,76,77,78,79,80,81,82,83,84,85,86,87,88,89,90,91,92,93,94,95,96,97,98,99,100,101,102,103,104,105,106,107,108,109,110,111,112,113,114,115,116,117,118,119,120,121,122,123,124,125,126,127,128,129,130,131,132,133,134,135,136,137,138,139,140,141,142,143,144,145,146,147,148,149,150,151,152,153,154,155,156,157,158,159,160,161,162,163,164,165,166,167,168,169,170,171,172,173,174,175,176,177,178,179,180,181,182,183,184,185,186,187,188,189,190,191,192,193,194,195,196,197,198,199,200,201,202,203,204,205,206,207,208,209,210,211,212,213,214,215,216,217,218,219,220,221,222,223,224,225,226,227,228,229,230,231,232,233,234,235,236,237,238,239,240,241,242,243,244,245,246,247,248,249,250,251,252,253,254,255,256,257,258,259,260,261,262,263,264,265,266,267,268,269,270,271,272,273,274,275,276,277,278,279,280,281,282,283,284,285,286,287,288,289,290,291,292,293,294,295,296,297,298,299,300,301,302,0,0,0,0,0,0,0,0,0,0,0,0,0,0,0,0,0,0,0,0,0,0,0,0,0,0,0,0,0,0,0,0,0,0,0,0,0,0,0,0,0,0,0,0,0,0,0,0,0,0,0,0,0,0
0.00555555555555556,0.00326797385620915,0.0065359477124183,0.00980392156862745,0.0130718954248366,0.0163398692810457,0.0196078431372549,0.0228758169934641,0.0261437908496732,0.0294117647058823,0.0326797385620915,0.0359477124183006,0.0392156862745098,0.042483660130719,0.0457516339869281,0.0490196078431373,0.0522875816993464,0.0555555555555556,0.0588235294117647,0.0620915032679738,0.065359477124183,0.0686274509803922,0.0718954248366013,0.0751633986928105,0.0784313725490196,0.0816993464052288,0.0849673202614379,0.0882352941176471,0.0915032679738562,0.0947712418300654,0.0980392156862745,0.101307189542484,0.104575163398693,0.107843137254902,0.111111111111111,0.11437908496732,0.117647058823529,0.120915032679739,0.124183006535948,0.127450980392157,0.130718954248366,0.133986928104575,0.137254901960784,0.140522875816993,0.143790849673203,0.147058823529412,0.150326797385621,0.15359477124183,0.156862745098039,0.160130718954248,0.163398692810458,0.166666666666667,0.169934640522876,0.173202614379085,0.176470588235294,0.179738562091503,0.183006535947712,0.186274509803922,0.189542483660131,0.19281045751634,0.196078431372549,0.199346405228758,0.202614379084967,0.205882352941176,0.209150326797386,0.212418300653595,0.215686274509804,0.218954248366013,0.222222222222222,0.225490196078431,0.228758169934641,0.23202614379085,0.235294117647059,0.238562091503268,0.241830065359477,0.245098039215686,0.248366013071895,0.251633986928105,0.254901960784314,0.258169934640523,0.261437908496732,0.264705882352941,0.26797385620915,0.271241830065359,0.274509803921569,0.277777777777778,0.281045751633987,0.284313725490196,0.287581699346405,0.290849673202614,0.294117647058823,0.297385620915033,0.300653594771242,0.303921568627451,0.30718954248366,0.310457516339869,0.313725490196078,0.316993464052288,0.320261437908497,0.323529411764706,0.326797385620915,0.330065359477124,0.333333333333333,0.336601307189543,0.339869281045752,0.343137254901961,0.34640522875817,0.349673202614379,0.352941176470588,0.356209150326797,0.359477124183006,0.362745098039216,0.366013071895425,0.369281045751634,0.372549019607843,0.375816993464052,0.379084967320261,0.38235294117647,0.38562091503268,0.388888888888889,0.392156862745098,0.395424836601307,0.398692810457516,0.401960784313726,0.405228758169935,0.408496732026144,0.411764705882353,0.415032679738562,0.418300653594771,0.42156862745098,0.42483660130719,0.428104575163399,0.431372549019608,0.434640522875817,0.437908496732026,0.441176470588235,0.444444444444444,0.447712418300654,0.450980392156863,0.454248366013072,0.457516339869281,0.46078431372549,0.464052287581699,0.467320261437908,0.470588235294118,0.473856209150327,0.477124183006536,0.480392156862745,0.483660130718954,0.486928104575163,0.490196078431372,0.493464052287582,0.496732026143791,0.5,0.503267973856209,0.506535947712418,0.509803921568627,0.513071895424837,0.516339869281046,0.519607843137255,0.522875816993464,0.526143790849673,0.529411764705882,0.532679738562091,0.535947712418301,0.53921568627451,0.542483660130719,0.545751633986928,0.549019607843137,0.552287581699346,0.555555555555555,0.558823529411765,0.562091503267974,0.565359477124183,0.568627450980392,0.571895424836601,0.57516339869281,0.578431372549019,0.581699346405229,0.584967320261438,0.588235294117647,0.591503267973856,0.594771241830065,0.598039215686274,0.601307189542484,0.604575163398693,0.607843137254902,0.611111111111111,0.61437908496732,0.617647058823529,0.620915032679739,0.624183006535948,0.627450980392157,0.630718954248366,0.633986928104575,0.637254901960784,0.640522875816994,0.643790849673203,0.647058823529412,0.650326797385621,0.65359477124183,0.656862745098039,0.660130718954248,0.663398692810457,0.666666666666667,0.669934640522876,0.673202614379085,0.676470588235294,0.679738562091503,0.683006535947712,0.686274509803921,0.689542483660131,0.69281045751634,0.696078431372549,0.699346405228758,0.702614379084967,0.705882352941177,0.709150326797386,0.712418300653595,0.715686274509804,0.718954248366013,0.722222222222222,0.725490196078431,0.728758169934641,0.73202614379085,0.735294117647059,0.738562091503268,0.741830065359477,0.745098039215686,0.748366013071895,0.751633986928104,0.754901960784314,0.758169934640523,0.761437908496732,0.764705882352941,0.76797385620915,0.771241830065359,0.774509803921569,0.777777777777778,0.781045751633987,0.784313725490196,0.787581699346405,0.790849673202614,0.794117647058823,0.797385620915033,0.800653594771242,0.803921568627451,0.80718954248366,0.810457516339869,0.813725490196078,0.816993464052287,0.820261437908497,0.823529411764706,0.826797385620915,0.830065359477124,0.833333333333333,0.836601307189542,0.839869281045752,0.843137254901961,0.84640522875817,0.849673202614379,0.852941176470588,0.856209150326797,0.859477124183007,0.862745098039216,0.866013071895425,0.869281045751634,0.872549019607843,0.875816993464052,0.879084967320261,0.88235294117647,0.88562091503268,0.888888888888889,0.892156862745098,0.895424836601307,0.898692810457516,0.901960784313726,0.905228758169935,0.908496732026144,0.911764705882353,0.915032679738562,0.918300653594771,0.92156862745098,0.924836601307189,0.928104575163399,0.931372549019608,0.934640522875817,0.937908496732026,0.941176470588235,0.944444444444444,0.947712418300653,0.950980392156863,0.954248366013072,0.957516339869281,0.96078431372549,0.964052287581699,0.967320261437908,0.970588235294117,0.973856209150327,0.977124183006536,0.980392156862745,0.983660130718954,0.986928104575163,0,0,0,0,0,0,0,0,0,0,0,0,0,0,0,0,0,0,0,0,0,0,0,0,0,0,0,0,0,0,0,0,0,0,0,0,0,0,0,0,0,0,0,0,0,0,0,0,0,0,0,0,0,0
0.5,0.00338891241642519,0.00353716488647379,0.00372166484881387,0.00395393794915065,0.00424726570175385,0.00461319946852049,0.0050545594087818,0.00555857060914485,0.00609821984392589,0.006643093432924,0.007169825843949,0.00766521804546999,0.00812414713393325,0.00854637787871627,0.00893413892291728,0.00929066799460529,0.00961944103959258,0.0099238016800625,0.0102068051322064,0.0104711706295332,0.0107192856296207,0.0109532325018762,0.0111748230089703,0.0113856335130767,0.0115870377469743,0.0117802359581773,0.0119662801943955,0.012146095939363,0.0123205004848111,0.0124902184703921,0.0126558950079497,0.0128181067652629,0.0129773713351488,0.013134155167174,0.0132888802949551,0.0134419300534162,0.0135936539475244,0.0137443718064768,0.0138943773344386,0.0140439411500135,0.014193313391057,0.0143427259486255,0.0144923943833294,0.0146425195686979,0.0147932890990569,0.0149448784935752,0.0150974522233356,0.0152511645843442,0.0154061604361679,0.015562575823234,0.0157205384936923,0.0158801683289623,0.0160415776956919,0.0162048717306909,0.0163701485684913,0.0165374995204347,0.0167070092135864,0.0168787556972689,0.017052810524588,0.0172292388159315,0.0174080993110642,0.0175894444160752,0.0177733202510414,0.0179597667038559,0.0181488174951913,0.0183405002590415,0.0185348366427075,0.0187318424294406,0.0189315276862744,0.0191338969388417,0.0193389493742134,0.0195466790720322,0.0197570752634575,0.0199701226167087,0.0201858015473172,0.020404088550586,0.0206249565532357,0.0208483752807812,0.021074311636867,0.0213027300905836,0.0215335930676847,0.0217668613416516,0.0220024944206598,0.0222404509267219,0.0224806889635578,0.0227231664701186,0.0229678415570641,0.0232146728239509,0.0234636196553234,0.0237146424943584,0.023967703093143,0.0242227647391011,0.0244797924574472,0.0247387531899137,0.024999615950296,0.02526235195762,0.0255269347479629,0.0257933402661187,0.0260615469384451,0.0263315357283003,0.0266032901755585,0.0268767964216911,0.0271520432219196,0.0274290219459005,0.0277077265683718,0.0279881536511277,0.0282703023175986,0.028554174221267,0.0288397735090283,0.0291271067805414,0.0294161830445218,0.029707013672823,0.0299996123530997,0.0302939950407258,0.0305901799105978,0.0308881873093499,0.0311880397084619,0.0314897616586701,0.0317933797460219,0.0320989225498874,0.0324064206031722,0.0327159063549427,0.0330274141356399,0.0333409801250184,0.0336566423229288,0.0339744405230216,0.0342944162894434,0.0346166129365754,0.0349410755118423,0.0352678507816113,0.0355969872201952,0.0359285350019613,0.0362625459965306,0.0365990737670858,0.0369381735717412,0.0372799023679903,0.0376243188202049,0.0379714833101781,0.0383214579506933,0.0386743066021168,0.039030094892013,0.0393888902377629,0.0397507618722082,0.0401157808723151,0.0404840201908812,0.0408555546912824,0.0412304611853201,0.0416088184741441,0.0419907073923604,0.0423762108552914,0.0427654139094924,0.0431584037865663,0.0435552699603345,0.0439561042074501,0.0443610006715238,0.0447700559308782,0.0451833690699813,0.0456010417547452,0.0460231783117203,0.0464498858114009,0.0468812741557087,0.0473174561698662,0.0477585476987696,0.0482046677081011,0.048655938390293,0.0491124852756216,0.0495744373485835,0.0500419271698342,0.0505150910039125,0.0509940689530157,0.0514790050971125,0.0519700476407084,0.0524673490665563,0.0529710662966785,0.0534813608610688,0.0539983990744271,0.0545223522213992,0.0550533967507069,0.0555917144787056,0.0561374928027806,0.056690924925232,0.0572522100881279,0.0578215538197597,0.0583991681934291,0.0589852720991081,0.0595800915288959,0.0601838598768758,0.0607968182544327,0.0614192158217608,0.062051310136586,0.0626933675212481,0.0633456634490533,0.0640084829512848,0.0646821210460402,0.0653668831902732,0.0660630857566049,0.0667710565362977,0.0674911352703283,0.0682236742101504,0.0689690387103501,0.069727607854986,0.0704997751203275,0.0712859490759711,0.0720865541273213,0.0729020313021852,0.0737328390845381,0.0745794542987556,0.0754423730480706,0.0763221117110559,0.0772192080002248,0.0781342220877216,0.0790677378026333,0.0800203639056215,0.080992735446653,0.0819855152122395,0.0829993952690569,0.08403509861173,0.085093380922826,0.0861750324542322,0.0872808800397572,0.0884117892498658,0.0895686667000002,0.0907524625261862,0.0919641730413188,0.093204843588334,0.094475571607487,0.0957775099362547,0.0971118703633238,0.0984799274592458,0.0998830227095299,0.101322568978552,0.102800055335012,0.104317052274234,0.105875217375586,0.107476301437682,0.109122155139771,0.110814736282218,0.112556117665664,0.114348495675957,0.116194199649216,0.118095702101624,0.120055629918073,0.122076776606444,0.124162115737191,0.126314815705891,0.128538255970995,0.130836044943249,0.133212039725805,0.135670367931861,0.138215451840275,0.140852035185696,0.143585212926461,0.146420464380315,0.149363690186155,0.15242125361197,0.155600026820687,0.158907442800742,0.162351553788718,0.165941097148854,0.169685569846694,0.173595312852154,0.177681607050975,0.181956782541248,0.186434343542284,0.191129111581646,0.196057390162979,0.201237154766675,0.206688272846362,0.212432759507516,0.218495075792826,0.224902478107117,0.231685429301203,0.238878084499533,0.246518868025557,0.254651161977809,0.263324132537185,0.272593727218458,0.282523885831275,0.29318802053703,0.304670837454662,0.317070595464569,0.330501929690105,0.345099411567573,0.361022079825633,0.378459266033569,0.397638167815642,0.418833813605311,0.442382348990595,0.468699012344729,0.498302851335396,0.531851326016996,0.570189741854271,0.614423497931387,0.666026459289888,0.727008441520034,0.800183186024366,0.889614985386852,1.0014002779956,1.14511918073476,1.33673855431721,1.60499874708732,2.0073804553326,0,0,0,0,0,0,0,0,0,0,0,0,0,0,0,0,0,0,0,0,0,0,0,0,0,0,0,0,0,0,0,0,0,0,0,0,0,0,0,0,0,0,0,0,0,0,0,0,0,0,0,0,0,0
0.8,1,2,3,4,5,6,7,8,9,10,11,12,13,14,15,16,17,18,19,20,21,22,23,24,25,26,27,28,29,30,31,32,33,34,35,36,37,38,39,40,41,42,43,44,45,46,47,48,49,50,51,52,53,54,55,56,57,58,59,60,61,62,63,64,65,66,67,68,69,70,71,72,73,74,75,76,77,78,79,80,81,82,83,84,85,86,87,88,89,90,91,92,93,94,95,96,97,98,99,100,101,102,103,104,105,106,107,108,109,110,111,112,113,114,115,116,117,118,119,120,121,122,123,124,125,126,127,128,129,130,131,132,133,134,135,136,137,138,139,140,141,142,0,0,0,0,0,0,0,0,0,0,0,0,0,0,0,0,0,0,0,0,0,0,0,0,0,0,0,0,0,0,0,0,0,0,0,0,0,0,0,0,0,0,0,0,0,0,0,0,0,0,0,0,0,0,0,0,0,0,0,0,0,0,0,0,0,0,0,0,0,0,0,0,0,0,0,0,0,0,0,0,0,0,0,0,0,0,0,0,0,0,0,0,0,0,0,0,0,0,0,0,0,0,0,0,0,0,0,0,0,0,0,0,0,0,0,0,0,0,0,0,0,0,0,0,0,0,0,0,0,0,0,0,0,0,0,0,0,0,0,0,0,0,0,0,0,0,0,0,0,0,0,0,0,0,0,0,0,0,0,0,0,0,0,0,0,0,0,0,0,0,0,0,0,0,0,0,0,0,0,0,0,0,0,0,0,0,0,0,0,0,0,0,0,0,0,0,0,0,0,0,0,0,0,0,0,0,0,0,0,0,0,0,0,0
0.00555555555555556,0.00694444444444444,0.0138888888888889,0.0208333333333333,0.0277777777777778,0.0347222222222222,0.0416666666666667,0.0486111111111111,0.0555555555555555,0.0625,0.0694444444444444,0.0763888888888889,0.0833333333333333,0.0902777777777778,0.0972222222222222,0.104166666666667,0.111111111111111,0.118055555555556,0.125,0.131944444444444,0.138888888888889,0.145833333333333,0.152777777777778,0.159722222222222,0.166666666666667,0.173611111111111,0.180555555555556,0.1875,0.194444444444444,0.201388888888889,0.208333333333333,0.215277777777778,0.222222222222222,0.229166666666667,0.236111111111111,0.243055555555556,0.25,0.256944444444444,0.263888888888889,0.270833333333333,0.277777777777778,0.284722222222222,0.291666666666667,0.298611111111111,0.305555555555555,0.3125,0.319444444444444,0.326388888888889,0.333333333333333,0.340277777777778,0.347222222222222,0.354166666666667,0.361111111111111,0.368055555555555,0.375,0.381944444444444,0.388888888888889,0.395833333333333,0.402777777777778,0.409722222222222,0.416666666666667,0.423611111111111,0.430555555555555,0.4375,0.444444444444444,0.451388888888889,0.458333333333333,0.465277777777778,0.472222222222222,0.479166666666667,0.486111111111111,0.493055555555556,0.5,0.506944444444444,0.513888888888889,0.520833333333333,0.527777777777778,0.534722222222222,0.541666666666667,0.548611111111111,0.555555555555555,0.5625,0.569444444444444,0.576388888888889,0.583333333333333,0.590277777777778,0.597222222222222,0.604166666666666,0.611111111111111,0.618055555555555,0.625,0.631944444444444,0.638888888888889,0.645833333333333,0.652777777777778,0.659722222222222,0.666666666666667,0.673611111111111,0.680555555555556,0.6875,0.694444444444444,0.701388888888889,0.708333333333333,0.715277777777778,0.722222222222222,0.729166666666666,0.736111111111111,0.743055555555555,0.75,0.756944444444444,0.763888888888889,0.770833333333333,0.777777777777778,0.784722222222222,0.791666666666666,0.798611111111111,0.805555555555555,0.8125,0.819444444444444,0.826388888888889,0.833333333333333,0.840277777777778,0.847222222222222,0.854166666666667,0.861111111111111,0.868055555555555,0.875,0.881944444444444,0.888888888888889,0.895833333333333,0.902777777777778,0.909722222222222,0.916666666666666,0.923611111111111,0.930555555555555,0.9375,0.944444444444444,0.951388888888889,0.958333333333333,0.965277777777778,0.972222222222222,0.979166666666666,0.986111111111111,0,0,0,0,0,0,0,0,0,0,0,0,0,0,0,0,0,0,0,0,0,0,0,0,0,0,0,0,0,0,0,0,0,0,0,0,0,0,0,0,0,0,0,0,0,0,0,0,0,0,0,0,0,0,0,0,0,0,0,0,0,0,0,0,0,0,0,0,0,0,0,0,0,0,0,0,0,0,0,0,0,0,0,0,0,0,0,0,0,0,0,0,0,0,0,0,0,0,0,0,0,0,0,0,0,0,0,0,0,0,0,0,0,0,0,0,0,0,0,0,0,0,0,0,0,0,0,0,0,0,0,0,0,0,0,0,0,0,0,0,0,0,0,0,0,0,0,0,0,0,0,0,0,0,0,0,0,0,0,0,0,0,0,0,0,0,0,0,0,0,0,0,0,0,0,0,0,0,0,0,0,0,0,0,0,0,0,0,0,0,0,0,0,0,0,0,0,0,0,0,0,0,0,0,0,0,0,0,0,0,0,0,0,0
0.5,0.00756082116171334,0.00854467378069611,0.0101366244339267,0.0123800686976416,0.0148228842554288,0.0170274191619043,0.0188858262314931,0.0204413122091343,0.0217617382795272,0.0229054291630845,0.023917007479706,0.0248297615052262,0.0256685993838987,0.0264524075984428,0.0271957533215968,0.0279100797302449,0.0286045425918951,0.0292865991789337,0.0299624263868333,0.0306372200126634,0.0313154102002992,0.032000816797903,0.0326967609433045,0.0334061442990958,0.0341315041444109,0.0348750504333412,0.0356386895783485,0.0364240388549513,0.0372324347662382,0.0380649383111582,0.0389223397590841,0.0398051651625612,0.0407136863888001,0.0416479359010831,0.0426077268924249,0.0435926787155874,0.0446022469353772,0.0456357568236743,0.0466924387827121,0.0477714640475605,0.0488719790808272,0.0499931372974386,0.0511341270910196,0.052294195515543,0.0534726673512271,0.0546689596108711,0.0558825917972968,0.0571131923960941,0.0583605021845894,0.0596243749700175,0.0609047763530366,0.0622017810629586,0.0635155693424011,0.0648464227828298,0.0661947199365311,0.0675609319602952,0.0689456184843023,0.0703494238476936,0.0717730737999816,0.073217372734276,0.0746832014930744,0.0761715157690196,0.0776833451102737,0.0792197925319796,0.0807820347306648,0.0823713228966301,0.0839889841197125,0.0856364233858292,0.0873151261649018,0.0890266615950508,0.0907726862729285,0.0925549486657122,0.0943752941665774,0.0962356708222865,0.0981381357688772,0.10008486241958,0.10207814845781,0.104120424697697,0.106214264885276,0.108362396525162,0.11056771283077,0.112833285910771,0.115162381321349,0.117558474132557,0.120025266678991,0.122566708189341,0.125187016518519,0.12789070223836,0.130682595381707,0.133567875178649,0.136552103175863,0.139641260190785,0.142841787623656,0.146160633734484,0.149605305592204,0.153183927520545,0.156905307006944,0.160779009208002,0.164815441388177,0.169025948870023,0.173422924369486,0.178019932946553,0.182831855235716,0.187875052155925,0.193167554953742,0.19872928524675,0.204582310742515,0.21075114356977,0.21726308974397,0.224148660295561,0.231442057139884,0.239181750039631,0.247411165227676,0.25617951174742,0.265542778748436,0.275564946481033,0.286319466390926,0.297891082764117,0.310378091556929,0.323895163925346,0.338576906315282,0.354582391477839,0.372100984049116,0.391359913796149,0.412634240399409,0.436260139824061,0.462652879982302,0.492331537264652,0.52595359966143,0.564364399798231,0.608669363185914,0.660342380599379,0.721393292637806,0.794635865030582,0.884134414075501,0.99598540123496,1.1397689657921,1.33145199032606,1.59977484464386,2.00221824544915,2.67290383532139,4.01419649990228,0,0,0,0,0,0,0,0,0,0,0,0,0,0,0,0,0,0,0,0,0,0,0,0,0,0,0,0,0,0,0,0,0,0,0,0,0,0,0,0,0,0,0,0,0,0,0,0,0,0,0,0,0,0,0,0,0,0,0,0,0,0,0,0,0,0,0,0,0,0,0,0,0,0,0,0,0,0,0,0,0,0,0,0,0,0,0,0,0,0,0,0,0,0,0,0,0,0,0,0,0,0,0,0,0,0,0,0,0,0,0,0,0,0,0,0,0,0,0,0,0,0,0,0,0,0,0,0,0,0,0,0,0,0,0,0,0,0,0,0,0,0,0,0,0,0,0,0,0,0,0,0,0,0,0,0,0,0,0,0,0,0,0,0,0,0,0,0,0,0,0,0,0,0,0,0,0,0,0,0,0,0,0,0,0,0,0,0,0,0,0,0,0,0,0,0,0,0,0,0,0,0,0,0,0,0,0,0,0,0,0,0,0,0
1.8,1,2,3,4,5,6,7,8,9,10,11,12,13,14,15,16,17,18,19,20,21,22,23,24,25,26,27,28,29,30,31,32,33,34,35,36,37,38,39,40,41,42,43,44,45,46,47,48,49,50,51,52,53,54,55,56,57,58,59,60,61,62,63,64,65,66,67,68,69,70,71,72,73,74,75,76,77,78,79,80,81,82,83,84,85,86,87,88,89,90,91,92,93,94,95,96,97,98,99,100,101,102,103,104,105,106,107,108,109,110,111,112,113,114,115,116,117,118,119,120,121,122,123,124,125,126,127,128,129,130,131,132,133,134,135,136,137,138,139,140,141,142,143,144,145,146,147,148,149,150,151,152,153,154,155,156,157,158,159,160,161,162,163,164,165,166,167,168,169,170,171,172,173,174,175,176,177,178,179,180,181,182,183,184,185,186,187,188,189,190,191,192,193,194,195,196,197,198,199,200,201,202,203,204,205,206,207,208,209,210,211,212,213,214,215,216,217,218,219,220,221,222,223,224,225,226,227,228,229,230,231,232,233,234,235,236,237,238,239,240,241,242,243,244,245,246,247,248,249,250,251,252,253,254,255,256,257,258,259,260,261,262,263,264,265,266,267,268,269,270,271,272,273,274,275,276,277,278,279,280,281,282,283,284,285,286,287,288,289,290,291,292,293,294,295,296,297,298,299,300,301,302,303,304,305,306,307,308,309,310,311,312,313,314,315,316,317,318,319,320,0,0,0,0,0,0,0,0,0,0,0,0,0,0,0,0,0,0,0,0,0,0,0,0,0,0,0,0,0,0,0,0,0,0,0,0
0.00555555555555556,0.00308641975308642,0.00617283950617284,0.00925925925925926,0.0123456790123457,0.0154320987654321,0.0185185185185185,0.0216049382716049,0.0246913580246913,0.0277777777777778,0.0308641975308642,0.0339506172839506,0.037037037037037,0.0401234567901235,0.0432098765432099,0.0462962962962963,0.0493827160493827,0.0524691358024691,0.0555555555555555,0.058641975308642,0.0617283950617284,0.0648148148148148,0.0679012345679012,0.0709876543209877,0.0740740740740741,0.0771604938271605,0.0802469135802469,0.0833333333333333,0.0864197530864197,0.0895061728395062,0.0925925925925926,0.095679012345679,0.0987654320987654,0.101851851851852,0.104938271604938,0.108024691358025,0.111111111111111,0.114197530864197,0.117283950617284,0.12037037037037,0.123456790123457,0.126543209876543,0.12962962962963,0.132716049382716,0.135802469135802,0.138888888888889,0.141975308641975,0.145061728395062,0.148148148148148,0.151234567901235,0.154320987654321,0.157407407407407,0.160493827160494,0.16358024691358,0.166666666666667,0.169753086419753,0.172839506172839,0.175925925925926,0.179012345679012,0.182098765432099,0.185185185185185,0.188271604938272,0.191358024691358,0.194444444444444,0.197530864197531,0.200617283950617,0.203703703703704,0.20679012345679,0.209876543209877,0.212962962962963,0.216049382716049,0.219135802469136,0.222222222222222,0.225308641975309,0.228395061728395,0.231481481481481,0.234567901234568,0.237654320987654,0.240740740740741,0.243827160493827,0.246913580246914,0.25,0.253086419753086,0.256172839506173,0.259259259259259,0.262345679012346,0.265432098765432,0.268518518518518,0.271604938271605,0.274691358024691,0.277777777777778,0.280864197530864,0.283950617283951,0.287037037037037,0.290123456790123,0.29320987654321,0.296296296296296,0.299382716049383,0.302469135802469,0.305555555555555,0.308641975308642,0.311728395061728,0.314814814814815,0.317901234567901,0.320987654320988,0.324074074074074,0.32716049382716,0.330246913580247,0.333333333333333,0.33641975308642,0.339506172839506,0.342592592592593,0.345679012345679,0.348765432098765,0.351851851851852,0.354938271604938,0.358024691358025,0.361111111111111,0.364197530864197,0.367283950617284,0.37037037037037,0.373456790123457,0.376543209876543,0.37962962962963,0.382716049382716,0.385802469135802,0.388888888888889,0.391975308641975,0.395061728395062,0.398148148148148,0.401234567901235,0.404320987654321,0.407407407407407,0.410493827160494,0.41358024691358,0.416666666666667,0.419753086419753,0.422839506172839,0.425925925925926,0.429012345679012,0.432098765432099,0.435185185185185,0.438271604938272,0.441358024691358,0.444444444444444,0.447530864197531,0.450617283950617,0.453703703703704,0.45679012345679,0.459876543209877,0.462962962962963,0.466049382716049,0.469135802469136,0.472222222222222,0.475308641975309,0.478395061728395,0.481481481481481,0.484567901234568,0.487654320987654,0.490740740740741,0.493827160493827,0.496913580246914,0.5,0.503086419753086,0.506172839506173,0.509259259259259,0.512345679012346,0.515432098765432,0.518518518518518,0.521604938271605,0.524691358024691,0.527777777777778,0.530864197530864,0.533950617283951,0.537037037037037,0.540123456790123,0.54320987654321,0.546296296296296,0.549382716049383,0.552469135802469,0.555555555555555,0.558641975308642,0.561728395061728,0.564814814814815,0.567901234567901,0.570987654320987,0.574074074074074,0.57716049382716,0.580246913580247,0.583333333333333,0.58641975308642,0.589506172839506,0.592592592592593,0.595679012345679,0.598765432098765,0.601851851851852,0.604938271604938,0.608024691358025,0.611111111111111,0.614197530864197,0.617283950617284,0.62037037037037,0.623456790123457,0.626543209876543,0.62962962962963,0.632716049382716,0.635802469135802,0.638888888888889,0.641975308641975,0.645061728395062,0.648148148148148,0.651234567901234,0.654320987654321,0.657407407407407,0.660493827160494,0.66358024691358,0.666666666666667,0.669753086419753,0.672839506172839,0.675925925925926,0.679012345679012,0.682098765432099,0.685185185185185,0.688271604938272,0.691358024691358,0.694444444444444,0.697530864197531,0.700617283950617,0.703703703703703,0.70679012345679,0.709876543209876,0.712962962962963,0.716049382716049,0.719135802469136,0.722222222222222,0.725308641975308,0.728395061728395,0.731481481481481,0.734567901234568,0.737654320987654,0.740740740740741,0.743827160493827,0.746913580246913,0.75,0.753086419753086,0.756172839506173,0.759259259259259,0.762345679012346,0.765432098765432,0.768518518518518,0.771604938271605,0.774691358024691,0.777777777777778,0.780864197530864,0.78395061728395,0.787037037037037,0.790123456790123,0.79320987654321,0.796296296296296,0.799382716049382,0.802469135802469,0.805555555555555,0.808641975308642,0.811728395061728,0.814814814814815,0.817901234567901,0.820987654320988,0.824074074074074,0.82716049382716,0.830246913580247,0.833333333333333,0.83641975308642,0.839506172839506,0.842592592592593,0.845679012345679,0.848765432098765,0.851851851851852,0.854938271604938,0.858024691358025,0.861111111111111,0.864197530864197,0.867283950617284,0.87037037037037,0.873456790123457,0.876543209876543,0.87962962962963,0.882716049382716,0.885802469135802,0.888888888888889,0.891975308641975,0.895061728395061,0.898148148148148,0.901234567901235,0.904320987654321,0.907407407407407,0.910493827160494,0.91358024691358,0.916666666666666,0.919753086419753,0.922839506172839,0.925925925925926,0.929012345679012,0.932098765432099,0.935185185185185,0.938271604938271,0.941358024691358,0.944444444444444,0.947530864197531,0.950617283950617,0.953703703703704,0.95679012345679,0.959876543209876,0.962962962962963,0.966049382716049,0.969135802469136,0.972222222222222,0.975308641975309,0.978395061728395,0.981481481481481,0.984567901234568,0.987654320987654,0,0,0,0,0,0,0,0,0,0,0,0,0,0,0,0,0,0,0,0,0,0,0,0,0,0,0,0,0,0,0,0,0,0,0,0
0.5,0.0031936838071719,0.00332358327814193,0.00348305387874862,0.00368099281170971,0.00392785570476874,0.00423366791057086,0.00460358737213173,0.00503231288225292,0.00550225275450737,0.00598906681247511,0.00647041889746314,0.00693111342844907,0.00736329642389131,0.00776436734730312,0.00813480034204206,0.00847660818389176,0.00879242781000292,0.00908502764850419,0.00935706422873414,0.00961097596794507,0.00984894881524721,0.0100729176349584,0.0102845839686295,0.0104854400678024,0.0106767940970243,0.0108597940789837,0.0110354495578783,0.0112046506773724,0.0113681847231452,0.0115267503390728,0.011680969683709,0.0118313988002451,0.0119785364555453,0.0121228316764777,0.0122646901819159,0.0124044798801088,0.0125425355751655,0.0126791630037081,0.0128146423033002,0.012949230997812,0.0130831665710682,0.013216668688594,0.0133499411176665,0.0134831733878865,0.0136165422278505,0.0137502128079799,0.0138843398149946,0.0140190683796955,0.0141545348765688,0.0142908676111006,0.0144281874085009,0.0145666081157467,0.0147062370273512,0.0148471752440428,0.0149895179725262,0.0151333547736705,0.0152787697657907,0.0154258417891441,0.0155746445373059,0.0157252466607286,0.0158777118474682,0.0160320988858153,0.0161884617133117,0.0163468494564395,0.0165073064650273,0.0166698723452174,0.0168345819945785,0.0170014656426955,0.0171705489002637,0.0173418528194016,0.0175153939675168,0.0176911845166936,0.0178692323501327,0.0180495411867397,0.0182321107245151,0.0184169368029217,0.018604011583968,0.0187933237512999,0.0189848587261809,0.0191785988988726,0.0193745238735945,0.0195726107249609,0.0197728342635855,0.0199751673083825,0.0201795809630058,0.0203860448938417,0.0205945276069996,0.0208049967218456,0.0210174192387495,0.0212317617989158,0.0214479909343689,0.0216660733064214,0.0218859759312012,0.0221076663910886,0.0223311130311894,0.0225562851402222,0.0227831531154565,0.0230116886115796,0.0232418646735745,0.0234736558538884,0.0237070383143408,0.02394198991336,0.0241784902792488,0.0244165208702795,0.0246560650224836,0.0248971079860477,0.0251396369512566,0.0253836410649311,0.0256291114383095,0.0258760411473034,0.0261244252260222,0.0263742606544327,0.026625546340981,0.0268782831009443,0.0271324736312352,0.0273881224823376,0.0276452360279819,0.0279038224331288,0.0281638916207765,0.028425455238047,0.0286885266219703,0.0289531207653403,0.0292192542829487,0.0294869453785148,0.0297562138125285,0.0300270808712427,0.0302995693369952,0.030573703460012,0.0308495089318376,0.0311270128604817,0.0314062437473974,0.0316872314663384,0.0319700072441833,0.0322546036437353,0.0325410545485672,0.0328293951499007,0.0331196619355729,0.0334118926810631,0.033706126442607,0.0340024035523888,0.0343007656158169,0.034601255510855,0.0349039173894284,0.0352087966808793,0.0355159400974705,0.035825395641925,0.0361372126169999,0.036451441637077,0.0367681346417926,0.0370873449116714,0.0374091270857855,0.0377335371814479,0.0380606326159244,0.0383904722301949,0.0387231163147773,0.039058626637599,0.0393970664739936,0.0397385006387898,0.0400829955205678,0.0404306191180761,0.0407814410788914,0.0411355327403172,0.0414929671726053,0.0418538192245462,0.0422181655714532,0.0425860847656595,0.0429576572895533,0.0433329656112398,0.0437120942429165,0.0440951298020335,0.0444821610753706,0.0448732790860624,0.0452685771637675,0.0456681510180072,0.0460720988148806,0.0464805212572319,0.046893521668417,0.0473112060798589,0.0477336833224848,0.0481610651222914,0.0485934662001565,0.0490310043761081,0.0494738006782802,0.0499219794567293,0.0503756685023785,0.0508349991713074,0.0513001065146587,0.0517711294144564,0.0522482107255845,0.0527314974242606,0.0532211407633729,0.0537172964349498,0.0542201247402261,0.0547297907676207,0.055246464579109,0.055770321405419,0.0563015418505233,0.0568403121059391,0.0573868241753808,0.0579412761103655,0.0585038722573299,0.059074823516958,0.0596543476164768,0.0602426693954911,0.0608400211063564,0.0614466427298542,0.0620627823070167,0.0626886962882099,0.0633246499004094,0.0639709175338489,0.0646277831491761,0.0652955407064887,0.065974494617512,0.0666649602225088,0.0673672642933562,0.0680817455646891,0.0688087552947046,0.0695486578578082,0.0703018313710696,0.0710686683568176,0.0718495764438589,0.0726449791098513,0.0734553164678841,0.0742810461001627,0.0751226439422288,0.075980605221283,0.0768554454525624,0.077747701497942,0.0786579326914595,0.0795867220365384,0.0805346774804731,0.0815024332720973,0.082490651408893,0.0835000231804223,0.08453127081606,0.0855851492448117,0.0866624479765643,0.087763993114595,0.088890649510023,0.0900433230702166,0.0912229632340629,0.0924305656281264,0.0936671749198849,0.0949338878845138,0.0962318567049956,0.0975622925256665,0.0989264692829052,0.100325727838142,0.101761480441306,0.103235215556547,0.10474850308412,0.106303000017589,0.10790045657921,0.109542722880994,0.111231756164914,0.112969628682205,0.114758536277878,0.11660080775585,0.118498915108629,0.120455484705538,0.122473309547161,0.124555362704718,0.126704812082258,0.128925036654774,0.131219644357031,0.133592491823598,0.136047706206877,0.13858970933163,0.141223244486318,0.143953406189079,0.146785673325557,0.149725946108514,0.152780587386793,0.155956468910631,0.159261023262532,0.162702302279301,0.166289042931342,0.170030741797026,0.173937739465009,0.178021316445364,0.182293802467013,0.186768701384747,0.191460834368509,0.19638650456996,0.20156368712032,0.207012249132938,0.212754205375994,0.218814016561979,0.225218938767968,0.231999434524536,0.239189658639437,0.246828035123274,0.254957945770173,0.263628556455811,0.272895814401426,0.282823659121767,0.293485502487828,0.304966050338322,0.317363561267521,0.330792670128646,0.345387948088533,0.36130843360206,0.378743457975314,0.397920218575621,0.419113743579222,0.442660178324155,0.46897476093007,0.498576538838327,0.532122971843208,0.570459365182251,0.614691117681296,0.666292094193499,0.727272110064737,0.800444906461343,0.8898747757238,1.00165815607587,1.1453751642046,1.33699266051851,1.60525099324055,2.00763085822113,0,0,0,0,0,0,0,0,0,0,0,0,0,0,0,0,0,0,0,0,0,0,0,0,0,0,0,0,0,0,0,0,0,0,0,0
2,1,2,3,4,5,6,7,8,9,10,11,12,13,14,15,16,17,18,19,20,21,22,23,24,25,26,27,28,29,30,31,32,33,34,35,36,37,38,39,40,41,42,43,44,45,46,47,48,49,50,51,52,53,54,55,56,57,58,59,60,61,62,63,64,65,66,67,68,69,70,71,72,73,74,75,76,77,78,79,80,81,82,83,84,85,86,87,88,89,90,91,92,93,94,95,96,97,98,99,100,101,102,103,104,105,106,107,108,109,110,111,112,113,114,115,116,117,118,119,120,121,122,123,124,125,126,127,128,129,130,131,132,133,134,135,136,137,138,139,140,141,142,143,144,145,146,147,148,149,150,151,152,153,154,155,156,157,158,159,160,161,162,163,164,165,166,167,168,169,170,171,172,173,174,175,176,177,178,179,180,181,182,183,184,185,186,187,188,189,190,191,192,193,194,195,196,197,198,199,200,201,202,203,204,205,206,207,208,209,210,211,212,213,214,215,216,217,218,219,220,221,222,223,224,225,226,227,228,229,230,231,232,233,234,235,236,237,238,239,240,241,242,243,244,245,246,247,248,249,250,251,252,253,254,255,256,257,258,259,260,261,262,263,264,265,266,267,268,269,270,271,272,273,274,275,276,277,278,279,280,281,282,283,284,285,286,287,288,289,290,291,292,293,294,295,296,297,298,299,300,301,302,303,304,305,306,307,308,309,310,311,312,313,314,315,316,317,318,319,320,321,322,323,324,325,326,327,328,329,330,331,332,333,334,335,336,337,338,339,340,341,342,343,344,345,346,347,348,349,350,351,352,353,354,355,356
0.00555555555555556,0.00277777777777778,0.00555555555555555,0.00833333333333333,0.0111111111111111,0.0138888888888889,0.0166666666666667,0.0194444444444444,0.0222222222222222,0.025,0.0277777777777778,0.0305555555555555,0.0333333333333333,0.0361111111111111,0.0388888888888889,0.0416666666666667,0.0444444444444444,0.0472222222222222,0.05,0.0527777777777778,0.0555555555555555,0.0583333333333333,0.0611111111111111,0.0638888888888889,0.0666666666666667,0.0694444444444444,0.0722222222222222,0.075,0.0777777777777778,0.0805555555555556,0.0833333333333333,0.0861111111111111,0.0888888888888889,0.0916666666666666,0.0944444444444444,0.0972222222222222,0.1,0.102777777777778,0.105555555555556,0.108333333333333,0.111111111111111,0.113888888888889,0.116666666666667,0.119444444444444,0.122222222222222,0.125,0.127777777777778,0.130555555555556,0.133333333333333,0.136111111111111,0.138888888888889,0.141666666666667,0.144444444444444,0.147222222222222,0.15,0.152777777777778,0.155555555555556,0.158333333333333,0.161111111111111,0.163888888888889,0.166666666666667,0.169444444444444,0.172222222222222,0.175,0.177777777777778,0.180555555555556,0.183333333333333,0.186111111111111,0.188888888888889,0.191666666666667,0.194444444444444,0.197222222222222,0.2,0.202777777777778,0.205555555555555,0.208333333333333,0.211111111111111,0.213888888888889,0.216666666666667,0.219444444444444,0.222222222222222,0.225,0.227777777777778,0.230555555555555,0.233333333333333,0.236111111111111,0.238888888888889,0.241666666666667,0.244444444444444,0.247222222222222,0.25,0.252777777777778,0.255555555555556,0.258333333333333,0.261111111111111,0.263888888888889,0.266666666666667,0.269444444444444,0.272222222222222,0.275,0.277777777777778,0.280555555555556,0.283333333333333,0.286111111111111,0.288888888888889,0.291666666666667,0.294444444444444,0.297222222222222,0.3,0.302777777777778,0.305555555555556,0.308333333333333,0.311111111111111,0.313888888888889,0.316666666666667,0.319444444444444,0.322222222222222,0.325,0.327777777777778,0.330555555555556,0.333333333333333,0.336111111111111,0.338888888888889,0.341666666666667,0.344444444444444,0.347222222222222,0.35,0.352777777777778,0.355555555555556,0.358333333333333,0.361111111111111,0.363888888888889,0.366666666666667,0.369444444444444,0.372222222222222,0.375,0.377777777777778,0.380555555555555,0.383333333333333,0.386111111111111,0.388888888888889,0.391666666666667,0.394444444444444,0.397222222222222,0.4,0.402777777777778,0.405555555555556,0.408333333333333,0.411111111111111,0.413888888888889,0.416666666666667,0.419444444444444,0.422222222222222,0.425,0.427777777777778,0.430555555555555,0.433333333333333,0.436111111111111,0.438888888888889,0.441666666666667,0.444444444444444,0.447222222222222,0.45,0.452777777777778,0.455555555555555,0.458333333333333,0.461111111111111,0.463888888888889,0.466666666666667,0.469444444444444,0.472222222222222,0.475,0.477777777777778,0.480555555555556,0.483333333333333,0.486111111111111,0.488888888888889,0.491666666666667,0.494444444444444,0.497222222222222,0.5,0.502777777777778,0.505555555555555,0.508333333333333,0.511111111111111,0.513888888888889,0.516666666666666,0.519444444444444,0.522222222222222,0.525,0.527777777777778,0.530555555555555,0.533333333333333,0.536111111111111,0.538888888888889,0.541666666666667,0.544444444444445,0.547222222222222,0.55,0.552777777777778,0.555555555555556,0.558333333333333,0.561111111111111,0.563888888888889,0.566666666666667,0.569444444444444,0.572222222222222,0.575,0.577777777777778,0.580555555555555,0.583333333333333,0.586111111111111,0.588888888888889,0.591666666666667,0.594444444444444,0.597222222222222,0.6,0.602777777777778,0.605555555555555,0.608333333333333,0.611111111111111,0.613888888888889,0.616666666666667,0.619444444444445,0.622222222222222,0.625,0.627777777777778,0.630555555555555,0.633333333333333,0.636111111111111,0.638888888888889,0.641666666666667,0.644444444444444,0.647222222222222,0.65,0.652777777777778,0.655555555555555,0.658333333333333,0.661111111111111,0.663888888888889,0.666666666666667,0.669444444444444,0.672222222222222,0.675,0.677777777777778,0.680555555555555,0.683333333333333,0.686111111111111,0.688888888888889,0.691666666666667,0.694444444444444,0.697222222222222,0.7,0.702777777777778,0.705555555555555,0.708333333333333,0.711111111111111,0.713888888888889,0.716666666666667,0.719444444444444,0.722222222222222,0.725,0.727777777777778,0.730555555555556,0.733333333333333,0.736111111111111,0.738888888888889,0.741666666666667,0.744444444444444,0.747222222222222,0.75,0.752777777777778,0.755555555555556,0.758333333333333,0.761111111111111,0.763888888888889,0.766666666666667,0.769444444444444,0.772222222222222,0.775,0.777777777777778,0.780555555555556,0.783333333333333,0.786111111111111,0.788888888888889,0.791666666666667,0.794444444444444,0.797222222222222,0.8,0.802777777777778,0.805555555555555,0.808333333333333,0.811111111111111,0.813888888888889,0.816666666666667,0.819444444444444,0.822222222222222,0.825,0.827777777777778,0.830555555555556,0.833333333333333,0.836111111111111,0.838888888888889,0.841666666666667,0.844444444444444,0.847222222222222,0.85,0.852777777777778,0.855555555555555,0.858333333333333,0.861111111111111,0.863888888888889,0.866666666666667,0.869444444444444,0.872222222222222,0.875,0.877777777777778,0.880555555555555,0.883333333333333,0.886111111111111,0.888888888888889,0.891666666666667,0.894444444444444,0.897222222222222,0.9,0.902777777777778,0.905555555555555,0.908333333333333,0.911111111111111,0.913888888888889,0.916666666666667,0.919444444444444,0.922222222222222,0.925,0.927777777777777,0.930555555555556,0.933333333333333,0.936111111111111,0.938888888888889,0.941666666666667,0.944444444444444,0.947222222222222,0.95,0.952777777777778,0.955555555555556,0.958333333333333,0.961111111111111,0.963888888888889,0.966666666666666,0.969444444444444,0.972222222222222,0.975,0.977777777777778,0.980555555555555,0.983333333333333,0.986111111111111,0.988888888888889
0.5,0.00286383337307186,0.00296593859386223,0.00308845461643861,0.00323689845041654,0.00341786951227845,0.00363838158978349,0.0039041173695559,0.00421652455601395,0.00457004737042326,0.00495202747905665,0.00534627980696183,0.00573788716744567,0.00611609815380127,0.00647469074468284,0.00681096766476169,0.00712451389738653,0.00741621126049481,0.00768758614130529,0.00794041871913869,0.00817652488365369,0.00839764303359163,0.00860538149140709,0.0088011996407029,0.00898640705862209,0.00916217166523381,0.00932953187007456,0.00948940997847949,0.00964262542166854,0.0097899071082417,0.00993190460209046,0.0100691980523103,0.0102023069149936,0.0103316975611504,0.0104577898861567,0.0105809630393771,0.0107015603867307,0.0108198938088951,0.0109362474263246,0.0110508808307539,0.011164031892098,0.0112759191999728,0.0113867441905239,0.0114966930018481,0.01160593809493,0.0117146396715734,0.0118229469161893,0.0119309990843701,0.0120389264578619,0.0121468511827204,0.0122548880050653,0.0123631449168198,0.0124717237221215,0.0125807205336451,0.0126902262068536,0.0128003267191611,0.0129111035001162,0.0130226337179776,0.0131349905274315,0.0132482432826725,0.0133624577196385,0.0134776961108128,0.0135940173957077,0.0137114772898818,0.0138301283751334,0.0139500201733364,0.014071199206232,0.0141937090433711,0.0143175903402873,0.0144428808688905,0.0145696155419806,0.0146978264336986,0.0148275427976462,0.014958791084322,0.0150915949594224,0.0152259753244633,0.0153619503410557,0.015499535460057,0.0156387434566763,0.0157795844724723,0.0159220660650244,0.0160661932658929,0.0162119686473117,0.0163593923978828,0.0165084624073595,0.0166591743604331,0.0168115218392687,0.016965496434358,0.0171210878631307,0.0172782840956022,0.0174370714862351,0.0175974349110823,0.0177593579092014,0.0179228228272749,0.0180878109663336,0.0182543027294695,0.0184222777694305,0.018591715135023,0.0187625934152882,0.0189348908804908,0.0191085856190241,0.0192836556694335,0.0194600791468501,0.0196378343632281,0.0198168999408898,0.0199972549189751,0.0201788788525118,0.0203617519039025,0.0205458549267412,0.0207311695419364,0.0209176782062172,0.0211053642731581,0.021294212046927,0.0214842068290119,0.0216753349582285,0.0218675838443484,0.0220609419957111,0.0222553990412109,0.0224509457470568,0.0226475740287147,0.0228452769584377,0.0230440487687998,0.0232438848526195,0.0234447817596684,0.0236467371905357,0.0238497499880068,0.0240538201262895,0.0242589486984135,0.0244651379020986,0.024672391024371,0.0248807124251837,0.0250901075202804,0.0253005827635233,0.0255121456288704,0.0257248045922014,0.0259385691131317,0.0261534496169767,0.0263694574769888,0.0265866049969745,0.0268049053944093,0.0270243727841184,0.0272450221626173,0.0274668693931645,0.0276899311915933,0.027914225112964,0.0281397695390768,0.0283665836668862,0.028594687497831,0.0288241018281113,0.0290548482399321,0.0292869490937106,0.0295204275212759,0.029755307420054,0.0299916134482474,0.0302293710210075,0.0304686063076074,0.0307093462296009,0.0309516184599791,0.031195451423315,0.0314408742968866,0.0316879170127913,0.0319366102610312,0.0321869854935732,0.0324390749293842,0.0326929115604305,0.0329485291586527,0.033205962283894,0.0334652462928087,0.0337264173487317,0.0339895124325122,0.0342545693543317,0.0345216267664947,0.0347907241771977,0.0350619019652982,0.0353352013960779,0.0356106646380208,0.0358883347806059,0.0361682558531482,0.0364504728446814,0.0367350317249172,0.0370219794662847,0.037311364067086,0.0376032345757848,0.0378976411164478,0.0381946349153674,0.0384942683289147,0.0387965948726171,0.0391016692515304,0.039409547391918,0.0397202864742896,0.0400339449678322,0.0403505826662921,0.0406702607253199,0.0409930417013776,0.0413189895922329,0.0416481698790787,0.0419806495703803,0.0423164972474878,0.0426557831120692,0.0429985790354745,0.0433449586100627,0.0436949972025891,0.0440487720097374,0.0444063621159068,0.0447678485532673,0.0451333143643081,0.045502844666841,0.0458765267217114,0.0462544500031887,0.0466367062722781,0.0470233896530255,0.047414596711942,0.0478104265407302,0.0482109808424398,0.0486163640211993,0.0490266832757369,0.0494420486968234,0.0498625733688628,0.0502883734757959,0.0507195684115665,0.0511562808953417,0.0515986370917541,0.0520467667363797,0.0525008032667329,0.0529608839591,0.0534271500714622,0.0538997469927942,0.0543788243991981,0.0548645364170624,0.0553570417937845,0.0558565040763201,0.0563630917981094,0.0568769786747413,0.0573983438088502,0.0579273719048245,0.0584642534937913,0.0590091851695316,0.0595623698358266,0.0601240169660627,0.0606943428756858,0.0612735710082243,0.0618619322357791,0.0624596651748369,0.0630670165181676,0.0636842413839714,0.0643116036831952,0.0649493765062303,0.0655978425300606,0.0662572944472802,0.0669280354182571,0.0676103795480043,0.0683046523892131,0.0690111914733112,0.0697303468712034,0.0704624817858608,0.0712079731786184,0.0719672124317405,0.0727406060494466,0.0735285764002602,0.0743315625034165,0.0751500208623712,0.0759844263489904,0.0768352731416258,0.0777030757214231,0.0785883699308181,0.0794917140986881,0.0804136902376884,0.0813549053184321,0.0823159926270576,0.083297613212102,0.0843004574278964,0.085325246582012,0.0863727346949379,0.0874437103812171,0.088538998861806,0.0896594641182203,0.090806011200978,0.0919795887044504,0.0931811914231634,0.0944118632045418,0.095672700015826,0.0969648532438041,0.0982895332482152,0.0996480131925133,0.10104163317625,0.102471804699013,0.103940015485148,0.105447834706309,0.106996918638099,0.108589016795181,0.11022597859246,0.111909760585014,0.113642434347182,0.115426195057063,0.117263370861627,0.119156433105563,0.121108007520502,0.123120886477813,0.125198042429456,0.127342642669217,0.129558065570173,0.131847918474372,0.134216057432463,0.136666609020857,0.139203994497416,0.14183295659111,0.14455858926958,0.147386370875442,0.150322201086236,0.153372442223636,0.156543965518352,0.159844203040543,0.163281206121907,0.166863711235865,0.170601214470072,0.174504055929637,0.178583515648737,0.182851922886269,0.187322781034805,0.192010910807326,0.196932614905902,0.202105868018873,0.207550536822404,0.213288635653418,0.219344624799254,0.225745759919129,0.232522503130592,0.23970900883464,0.247343700640561,0.255469959946653,0.264136952238989,0.273400624352801,0.283324915424451,0.29398323695163,0.305460294402768,0.317854346014552,0.331280026271443,0.345871905990398,0.361789023283527,0.379220709106423,0.398394160490555,0.419584405275296,0.443127588475469,0.46943894788322,0.499037530598502,0.532580796130362,0.570914049392731,0.615142688905868,0.666740579178036,0.727717535334896,0.800887298168423,0.89031415977383,1.00209455817745,1.14580860952585,1.33742317404763,1.60567860005079,2.00805558282795
1.65,1,2,3,4,5,6,7,8,9,10,11,12,13,14,15,16,17,18,19,20,21,22,23,24,25,26,27,28,29,30,31,32,33,34,35,36,37,38,39,40,41,42,43,44,45,46,47,48,49,50,51,52,53,54,55,56,57,58,59,60,61,62,63,64,65,66,67,68,69,70,71,72,73,74,75,76,77,78,79,80,81,82,83,84,85,86,87,88,89,90,91,92,93,94,95,96,97,98,99,100,101,102,103,104,105,106,107,108,109,110,111,112,113,114,115,116,117,118,119,120,121,122,123,124,125,126,127,128,129,130,131,132,133,134,135,136,137,138,139,140,141,142,143,144,145,146,147,148,149,150,151,152,153,154,155,156,157,158,159,160,161,162,163,164,165,166,167,168,169,170,171,172,173,174,175,176,177,178,179,180,181,182,183,184,185,186,187,188,189,190,191,192,193,194,195,196,197,198,199,200,201,202,203,204,205,206,207,208,209,210,211,212,213,214,215,216,217,218,219,220,221,222,223,224,225,226,227,228,229,230,231,232,233,234,235,236,237,238,239,240,241,242,243,244,245,246,247,248,249,250,251,252,253,254,255,256,257,258,259,260,261,262,263,264,265,266,267,268,269,270,271,272,273,274,275,276,277,278,279,280,281,282,283,284,285,286,287,288,289,290,291,292,293,294,0,0,0,0,0,0,0,0,0,0,0,0,0,0,0,0,0,0,0,0,0,0,0,0,0,0,0,0,0,0,0,0,0,0,0,0,0,0,0,0,0,0,0,0,0,0,0,0,0,0,0,0,0,0,0,0,0,0,0,0,0,0
0.00555555555555556,0.00336700336700337,0.00673400673400673,0.0101010101010101,0.0134680134680135,0.0168350168350168,0.0202020202020202,0.0235690235690236,0.0269360269360269,0.0303030303030303,0.0336700336700337,0.037037037037037,0.0404040404040404,0.0437710437710438,0.0471380471380471,0.0505050505050505,0.0538720538720539,0.0572390572390572,0.0606060606060606,0.063973063973064,0.0673400673400673,0.0707070707070707,0.074074074074074,0.0774410774410774,0.0808080808080808,0.0841750841750842,0.0875420875420875,0.0909090909090909,0.0942760942760943,0.0976430976430976,0.101010101010101,0.104377104377104,0.107744107744108,0.111111111111111,0.114478114478114,0.117845117845118,0.121212121212121,0.124579124579125,0.127946127946128,0.131313131313131,0.134680134680135,0.138047138047138,0.141414141414141,0.144781144781145,0.148148148148148,0.151515151515151,0.154882154882155,0.158249158249158,0.161616161616162,0.164983164983165,0.168350168350168,0.171717171717172,0.175084175084175,0.178451178451178,0.181818181818182,0.185185185185185,0.188552188552189,0.191919191919192,0.195286195286195,0.198653198653199,0.202020202020202,0.205387205387205,0.208754208754209,0.212121212121212,0.215488215488215,0.218855218855219,0.222222222222222,0.225589225589226,0.228956228956229,0.232323232323232,0.235690235690236,0.239057239057239,0.242424242424242,0.245791245791246,0.249158249158249,0.252525252525252,0.255892255892256,0.259259259259259,0.262626262626263,0.265993265993266,0.269360269360269,0.272727272727273,0.276094276094276,0.279461279461279,0.282828282828283,0.286195286195286,0.28956228956229,0.292929292929293,0.296296296296296,0.2996632996633,0.303030303030303,0.306397306397306,0.30976430976431,0.313131313131313,0.316498316498317,0.31986531986532,0.323232323232323,0.326599326599327,0.32996632996633,0.333333333333333,0.336700336700337,0.34006734006734,0.343434343434343,0.346801346801347,0.35016835016835,0.353535353535353,0.356902356902357,0.36026936026936,0.363636363636364,0.367003367003367,0.37037037037037,0.373737373737374,0.377104377104377,0.38047138047138,0.383838383838384,0.387205387205387,0.390572390572391,0.393939393939394,0.397306397306397,0.400673400673401,0.404040404040404,0.407407407407407,0.410774410774411,0.414141414141414,0.417508417508417,0.420875420875421,0.424242424242424,0.427609427609428,0.430976430976431,0.434343434343434,0.437710437710438,0.441077441077441,0.444444444444444,0.447811447811448,0.451178451178451,0.454545454545454,0.457912457912458,0.461279461279461,0.464646464646465,0.468013468013468,0.471380471380471,0.474747474747475,0.478114478114478,0.481481481481481,0.484848484848485,0.488215488215488,0.491582491582492,0.494949494949495,0.498316498316498,0.501683501683502,0.505050505050505,0.508417508417508,0.511784511784512,0.515151515151515,0.518518518518518,0.521885521885522,0.525252525252525,0.528619528619529,0.531986531986532,0.535353535353535,0.538720538720539,0.542087542087542,0.545454545454545,0.548821548821549,0.552188552188552,0.555555555555556,0.558922558922559,0.562289562289562,0.565656565656566,0.569023569023569,0.572390572390572,0.575757575757576,0.579124579124579,0.582491582491583,0.585858585858586,0.589225589225589,0.592592592592592,0.595959595959596,0.599326599326599,0.602693602693603,0.606060606060606,0.609427609427609,0.612794612794613,0.616161616161616,0.619528619528619,0.622895622895623,0.626262626262626,0.62962962962963,0.632996632996633,0.636363636363636,0.63973063973064,0.643097643097643,0.646464646464646,0.64983164983165,0.653198653198653,0.656565656565656,0.65993265993266,0.663299663299663,0.666666666666666,0.67003367003367,0.673400673400673,0.676767676767677,0.68013468013468,0.683501683501683,0.686868686868687,0.69023569023569,0.693602693602694,0.696969696969697,0.7003367003367,0.703703703703704,0.707070707070707,0.71043771043771,0.713804713804714,0.717171717171717,0.72053872053872,0.723905723905724,0.727272727272727,0.730639730639731,0.734006734006734,0.737373737373737,0.740740740740741,0.744107744107744,0.747474747474747,0.750841750841751,0.754208754208754,0.757575757575757,0.760942760942761,0.764309764309764,0.767676767676767,0.771043771043771,0.774410774410774,0.777777777777778,0.781144781144781,0.784511784511784,0.787878787878788,0.791245791245791,0.794612794612794,0.797979797979798,0.801346801346801,0.804713804713805,0.808080808080808,0.811447811447811,0.814814814814815,0.818181818181818,0.821548821548821,0.824915824915825,0.828282828282828,0.831649831649831,0.835016835016835,0.838383838383838,0.841750841750841,0.845117845117845,0.848484848484848,0.851851851851852,0.855218855218855,0.858585858585858,0.861952861952862,0.865319865319865,0.868686868686869,0.872053872053872,0.875420875420875,0.878787878787879,0.882154882154882,0.885521885521885,0.888888888888889,0.892255892255892,0.895622895622896,0.898989898989899,0.902356902356902,0.905723905723906,0.909090909090909,0.912457912457912,0.915824915824916,0.919191919191919,0.922558922558922,0.925925925925926,0.929292929292929,0.932659932659933,0.936026936026936,0.939393939393939,0.942760942760943,0.946127946127946,0.949494949494949,0.952861952861953,0.956228956228956,0.95959595959596,0.962962962962963,0.966329966329966,0.96969696969697,0.973063973063973,0.976430976430976,0.97979797979798,0.983164983164983,0.986531986531986,0.98989898989899,0,0,0,0,0,0,0,0,0,0,0,0,0,0,0,0,0,0,0,0,0,0,0,0,0,0,0,0,0,0,0,0,0,0,0,0,0,0,0,0,0,0,0,0,0,0,0,0,0,0,0,0,0,0,0,0,0,0,0,0,0,0
0.5,0.00349578192120819,0.0036547027172545,0.00385396600935996,0.0041067606009231,0.00442806972814473,0.00483003867202893,0.00531325736896578,0.00585966379359524,0.00643678688408676,0.00701164607630433,0.00756121464921716,0.00807387525393067,0.00854612988499996,0.00897900503654349,0.00937561366236192,0.00973979157142715,0.0100754170613461,0.0103861069527505,0.0106751050296605,0.0109452632891164,0.0111990646981373,0.0114386618921481,0.0116659195262996,0.0118824547138718,0.0120896733299777,0.0122888015777577,0.0124809129591915,0.0126669510999472,0.0128477489708113,0.0130240450412152,0.0131964968508301,0.0133656924216752,0.0135321598692097,0.0136963755123859,0.0138587707316632,0.0140197377807725,0.0141796347219745,0.0143387896247689,0.0144975041435476,0.0146560565696432,0.0148147044368487,0.0149736867460969,0.0151332258640592,0.0152935291414858,0.0154547902898235,0.0156171905486831,0.0157808996718747,0.0159460767557726,0.0161128709305573,0.0162814219322777,0.016451860571585,0.0166243091132931,0.0167988815795767,0.0169756839885348,0.0171548145389767,0.0173363637515755,0.0175204145759502,0.0177070424727046,0.0178963154789787,0.0180882942655934,0.0182830321933622,0.0184805753756166,0.0186809627533733,0.0188842261889085,0.0190903905827423,0.0192994740182116,0.0195114879369046,0.0197264373472876,0.0199443210678464,0.0201651320050868,0.0203888574657244,0.0206154795014664,0.0208449752838968,0.0210773175061965,0.0213124748077604,0.0215504122172386,0.0217910916091442,0.0220344721689255,0.022280510861328,0.0225291628969286,0.0227803821919155,0.0230341218165142,0.0232903344278621,0.0235489726836333,0.0238099896332549,0.0240733390841475,0.0243389759409864,0.0246068565166061,0.0248769388136795,0.0251491827768715,0.0254235505156062,0.0257000064980344,0.0259785177171228,0.0262590538301119,0.0265415872728129,0.0268260933503988,0.0271125503064773,0.027400939372315,0.0276912447981069,0.0279834538681976,0.0282775569021242,0.0285735472432748,0.0288714212369097,0.0291711781991728,0.0294728203786195,0.029776352911683,0.0300817837733822,0.0303891237244499,0.0306983862559622,0.0310095875324144,0.031322746334109,0.0316378839996031,0.0319550243688678,0.0322741937277424,0.0325954207541613,0.0329187364665843,0.0332441741749734,0.0335717694346221,0.0339015600030664,0.0342335858002905,0.0345678888723691,0.0349045133586832,0.0352435054627877,0.035584913427019,0.0359287875108631,0.0362751799731452,0.03662414505802,0.0369757389848102,0.0373300199416452,0.0376870480829306,0.0380468855305955,0.0384095963791408,0.0387752467044413,0.0391439045762937,0.0395156400747184,0.039890525309954,0.0402686344462021,0.0406500437290624,0.0410348315167051,0.04142307831476,0.0418148668149507,0.0422102819375084,0.0426094108773814,0.0430123431542839,0.0434191706666403,0.043829987749475,0.0442448912363301,0.0446639805252518,0.0450873576489936,0.0455151273494697,0.0459473971566201,0.0463842774717814,0.0468258816557021,0.0472723261213519,0.0477237304316885,0.0481802174025428,0.0486419132108253,0.0491089475082374,0.0495814535407378,0.0500595682739643,0.0505434325248722,0.0510331910998992,0.0515289929398879,0.0520309912721188,0.052539343769772,0.0530542127191927,0.0535757651953017,0.0541041732456152,0.0546396140832567,0.0551822702894608,0.0557323300260614,0.0562899872584726,0.0568554419897555,0.0574289005063702,0.0580105756362594,0.0586006870199443,0.0591994613953981,0.0598071328974537,0.0604239433726169,0.0610501427101929,0.0616859891906762,0.0623317498524426,0.0629877008778726,0.0636541280000573,0.0643313269314435,0.065019603815672,0.0657192757041676,0.066430671059044,0.0671541302839765,0.0678900062849472,0.0686386650626797,0.0694004863390482,0.0701758642196827,0.070965207895061,0.0717689423829799,0.072587509315141,0.073421367770889,0.0742709951614845,0.075136888168548,0.076019563740586,0.0769195601516794,0.0778374381271117,0.0787737820408334,0.0797292011900863,0.0807043311532447,0.0816998352370694,0.0827164060204661,0.0837547670022723,0.0848156743614019,0.0858999188382015,0.0870083277473114,0.0881417671322433,0.0893011440741228,0.0904874091670159,0.0917015591745669,0.0929446398832355,0.0942177491695158,0.0955220403001387,0.0968587254859901,0.098229079712971,0.0996344448751894,0.101076234238852,0.102555937268008,0.104075124846747,0.105635454936785,0.10723867871286,0.108886647224268,0.110581318635057,0.112324766103704,0.114119186367949,0.115966909110083,0.117870407186679,0.119832307817385,0.121855404839093,0.123942672146301,0.12609727845296,0.128322603530624,0.130622256098114,0.133000093561554,0.135460243832,0.138007129481344,0.140645494532502,0.143380434227006,0.146217428161786,0.149162377249617,0.15222164502832,0.155402103926116,0.158711187192473,0.162156947320373,0.165748121926743,0.169494208225501,0.17340554743055,0.177493420668327,0.18177015827321,0.186249264696537,0.190945561695651,0.195875352999233,0.201056614307818,0.206509213294173,0.212255165277599,0.218318931512062,0.224727768609878,0.231512139625397,0.238706199886152,0.246348373909507,0.254482043992199,0.263156376504427,0.272427319150168,0.282358811925674,0.293024267171776,0.304508391190392,0.316909443036011,0.330342058008328,0.344940807714462,0.360864731050586,0.378303159753393,0.397483291604145,0.418680155204246,0.442229896298261,0.468547753418932,0.498152774385266,0.531702419399452,0.570041994075425,0.614276897631813,0.665880995289581,0.726864102754016,0.800039961553035,0.889472864447246,1.00125924995687,1.14497923501615,1.33659968054824,1.60486093523513,2.00724369498271,2.67786958264064,0,0,0,0,0,0,0,0,0,0,0,0,0,0,0,0,0,0,0,0,0,0,0,0,0,0,0,0,0,0,0,0,0,0,0,0,0,0,0,0,0,0,0,0,0,0,0,0,0,0,0,0,0,0,0,0,0,0,0,0,0,0
1.5,1,2,3,4,5,6,7,8,9,10,11,12,13,14,15,16,17,18,19,20,21,22,23,24,25,26,27,28,29,30,31,32,33,34,35,36,37,38,39,40,41,42,43,44,45,46,47,48,49,50,51,52,53,54,55,56,57,58,59,60,61,62,63,64,65,66,67,68,69,70,71,72,73,74,75,76,77,78,79,80,81,82,83,84,85,86,87,88,89,90,91,92,93,94,95,96,97,98,99,100,101,102,103,104,105,106,107,108,109,110,111,112,113,114,115,116,117,118,119,120,121,122,123,124,125,126,127,128,129,130,131,132,133,134,135,136,137,138,139,140,141,142,143,144,145,146,147,148,149,150,151,152,153,154,155,156,157,158,159,160,161,162,163,164,165,166,167,168,169,170,171,172,173,174,175,176,177,178,179,180,181,182,183,184,185,186,187,188,189,190,191,192,193,194,195,196,197,198,199,200,201,202,203,204,205,206,207,208,209,210,211,212,213,214,215,216,217,218,219,220,221,222,223,224,225,226,227,228,229,230,231,232,233,234,235,236,237,238,239,240,241,242,243,244,245,246,247,248,249,250,251,252,253,254,255,256,257,258,259,260,261,262,263,264,265,266,267,0,0,0,0,0,0,0,0,0,0,0,0,0,0,0,0,0,0,0,0,0,0,0,0,0,0,0,0,0,0,0,0,0,0,0,0,0,0,0,0,0,0,0,0,0,0,0,0,0,0,0,0,0,0,0,0,0,0,0,0,0,0,0,0,0,0,0,0,0,0,0,0,0,0,0,0,0,0,0,0,0,0,0,0,0,0,0,0,0
0.00555555555555556,0.0037037037037037,0.00740740740740741,0.0111111111111111,0.0148148148148148,0.0185185185185185,0.0222222222222222,0.0259259259259259,0.0296296296296296,0.0333333333333333,0.037037037037037,0.0407407407407407,0.0444444444444444,0.0481481481481481,0.0518518518518519,0.0555555555555556,0.0592592592592592,0.062962962962963,0.0666666666666667,0.0703703703703704,0.0740740740740741,0.0777777777777778,0.0814814814814815,0.0851851851851852,0.0888888888888889,0.0925925925925926,0.0962962962962963,0.1,0.103703703703704,0.107407407407407,0.111111111111111,0.114814814814815,0.118518518518518,0.122222222222222,0.125925925925926,0.12962962962963,0.133333333333333,0.137037037037037,0.140740740740741,0.144444444444444,0.148148148148148,0.151851851851852,0.155555555555556,0.159259259259259,0.162962962962963,0.166666666666667,0.17037037037037,0.174074074074074,0.177777777777778,0.181481481481482,0.185185185185185,0.188888888888889,0.192592592592593,0.196296296296296,0.2,0.203703703703704,0.207407407407407,0.211111111111111,0.214814814814815,0.218518518518518,0.222222222222222,0.225925925925926,0.22962962962963,0.233333333333333,0.237037037037037,0.240740740740741,0.244444444444444,0.248148148148148,0.251851851851852,0.255555555555556,0.259259259259259,0.262962962962963,0.266666666666667,0.27037037037037,0.274074074074074,0.277777777777778,0.281481481481481,0.285185185185185,0.288888888888889,0.292592592592593,0.296296296296296,0.3,0.303703703703704,0.307407407407407,0.311111111111111,0.314814814814815,0.318518518518519,0.322222222222222,0.325925925925926,0.32962962962963,0.333333333333333,0.337037037037037,0.340740740740741,0.344444444444444,0.348148148148148,0.351851851851852,0.355555555555556,0.359259259259259,0.362962962962963,0.366666666666667,0.37037037037037,0.374074074074074,0.377777777777778,0.381481481481481,0.385185185185185,0.388888888888889,0.392592592592592,0.396296296296296,0.4,0.403703703703704,0.407407407407407,0.411111111111111,0.414814814814815,0.418518518518518,0.422222222222222,0.425925925925926,0.42962962962963,0.433333333333333,0.437037037037037,0.440740740740741,0.444444444444444,0.448148148148148,0.451851851851852,0.455555555555556,0.459259259259259,0.462962962962963,0.466666666666667,0.47037037037037,0.474074074074074,0.477777777777778,0.481481481481482,0.485185185185185,0.488888888888889,0.492592592592593,0.496296296296296,0.5,0.503703703703704,0.507407407407407,0.511111111111111,0.514814814814815,0.518518518518518,0.522222222222222,0.525925925925926,0.52962962962963,0.533333333333333,0.537037037037037,0.540740740740741,0.544444444444445,0.548148148148148,0.551851851851852,0.555555555555555,0.559259259259259,0.562962962962963,0.566666666666667,0.57037037037037,0.574074074074074,0.577777777777778,0.581481481481481,0.585185185185185,0.588888888888889,0.592592592592593,0.596296296296296,0.6,0.603703703703704,0.607407407407407,0.611111111111111,0.614814814814815,0.618518518518518,0.622222222222222,0.625925925925926,0.62962962962963,0.633333333333333,0.637037037037037,0.640740740740741,0.644444444444444,0.648148148148148,0.651851851851852,0.655555555555555,0.659259259259259,0.662962962962963,0.666666666666667,0.67037037037037,0.674074074074074,0.677777777777778,0.681481481481481,0.685185185185185,0.688888888888889,0.692592592592593,0.696296296296296,0.7,0.703703703703704,0.707407407407407,0.711111111111111,0.714814814814815,0.718518518518518,0.722222222222222,0.725925925925926,0.72962962962963,0.733333333333333,0.737037037037037,0.740740740740741,0.744444444444444,0.748148148148148,0.751851851851852,0.755555555555556,0.759259259259259,0.762962962962963,0.766666666666667,0.77037037037037,0.774074074074074,0.777777777777778,0.781481481481481,0.785185185185185,0.788888888888889,0.792592592592593,0.796296296296296,0.8,0.803703703703704,0.807407407407407,0.811111111111111,0.814814814814815,0.818518518518518,0.822222222222222,0.825925925925926,0.82962962962963,0.833333333333333,0.837037037037037,0.840740740740741,0.844444444444444,0.848148148148148,0.851851851851852,0.855555555555556,0.859259259259259,0.862962962962963,0.866666666666666,0.87037037037037,0.874074074074074,0.877777777777778,0.881481481481482,0.885185185185185,0.888888888888889,0.892592592592592,0.896296296296296,0.9,0.903703703703704,0.907407407407407,0.911111111111111,0.914814814814815,0.918518518518518,0.922222222222222,0.925925925925926,0.92962962962963,0.933333333333333,0.937037037037037,0.940740740740741,0.944444444444444,0.948148148148148,0.951851851851852,0.955555555555555,0.959259259259259,0.962962962962963,0.966666666666667,0.97037037037037,0.974074074074074,0.977777777777778,0.981481481481481,0.985185185185185,0.988888888888889,0,0,0,0,0,0,0,0,0,0,0,0,0,0,0,0,0,0,0,0,0,0,0,0,0,0,0,0,0,0,0,0,0,0,0,0,0,0,0,0,0,0,0,0,0,0,0,0,0,0,0,0,0,0,0,0,0,0,0,0,0,0,0,0,0,0,0,0,0,0,0,0,0,0,0,0,0,0,0,0,0,0,0,0,0,0,0,0,0
0.5,0.00386118970783353,0.00406004280113957,0.00431586460055539,0.00464886430766536,0.00508040149268503,0.00562203274135193,0.00625998342278436,0.00695265291762396,0.00765051622326088,0.00831733611413886,0.00893522019390566,0.00949935186318205,0.0100117896674318,0.0104774513604501,0.010902033178205,0.0112910674981449,0.0116495567297736,0.0119818760781628,0.0122917925565315,0.0125825280813629,0.0128568338955581,0.0131170623331126,0.0133652306858574,0.0136030758866581,0.0138321004068874,0.0140536103895125,0.0142687471823076,0.0144785133745689,0.0146837943048994,0.0148853758561305,0.0150839592112868,0.0152801731206954,0.0154745841265734,0.01566770510627,0.0158600024263129,0.0160519019438156,0.0162437940472089,0.0164360378925195,0.0166289649628286,0.0168228820556342,0.0170180737845144,0.0172148046668216,0.0174133208574155,0.0176138515790824,0.017816610292851,0.0180217956455186,0.0182295922270478,0.0184401711668447,0.0186536905950686,0.0188702959928742,0.0190901204537165,0.0193132848763809,0.01953989810917,0.0197700570635284,0.0200038468142608,0.0202413407023112,0.0204826004547407,0.0207276763350616,0.0209766073353943,0.0212294214200326,0.0214861358279236,0.0217467574393552,0.0220112832098125,0.0222797006716057,0.0225519885015601,0.0228281171508409,0.0231080495309938,0.023391741748525,0.0236791438789354,0.0239702007700588,0.0242648528639029,0.0245630370259074,0.0248646873706608,0.0251697360735628,0.0254781141586988,0.0257897522541931,0.0261045813075129,0.0264225332545197,0.0267435416374315,0.027067542168267,0.027394473235655,0.0277242763541625,0.0280568965564093,0.0283922827292362,0.0287303878960322,0.0290711694479921,0.0294145893276146,0.0297606141681268,0.0301092153927567,0.0304603692779164,0.0308140569843643,0.0311702645603613,0.0315289829207144,0.0318902078053821,0.0322539397211336,0.032620183869465,0.0329889500637402,0.033360252638214,0.0337341103513642,0.0341105462856554,0.0344895877456326,0.0348712661559695,0.0352556169609202,0.0356426795263649,0.0360324970454915,0.0364251164489755,0.0368205883203713,0.0372189668172851,0.0376203095988152,0.0380246777596057,0.038432135770815,0.0388427514281873,0.0392565958073942,0.0396737432267387,0.0400942712172751,0.0405182605003849,0.0409457949728012,0.0413769616990691,0.0418118509114265,0.0422505560170555,0.0426931736126795,0.043139803506472,0.0435905487472413,0.0440455156608714,0.0445048138940064,0.0449685564649756,0.0454368598219729,0.0459098439085242,0.0463876322362628,0.0468703519651193,0.0473581339909597,0.047851113040807,0.0483494277757665,0.048853220901776,0.0493626392883792,0.0498778340957123,0.050398960909902,0.0509261798871572,0.0514596559067856,0.0519995587334877,0.0525460631892244,0.0530993493350401,0.0536596026632529,0.0542270143004241,0.0548017812216091,0.0553841064763726,0.0559741994271731,0.0565722760006496,0.0571785589525146,0.0577932781467505,0.0584166708498037,0.0590489820406721,0.0596904647376915,0.0603413803429782,0.0610019990055652,0.0616726000042515,0.0623534721514014,0.0630449142189064,0.0637472353876407,0.0644607557219429,0.0651858066705395,0.0659227315957622,0.0666718863327256,0.067433639780457,0.0682083745271252,0.0689964875115607,0.0697983907235482,0.070614511945467,0.0714452955382542,0.072291203274584,0.073152715222753,0.0740303306847478,0.0749245691924835,0.075835971566319,0.0767651010406206,0.0777125444610653,0.0786789135593741,0.079664846311142,0.0806710083832172,0.0816980946776252,0.0827468309794935,0.0838179757174442,0.0849123218452942,0.0860306988550279,0.087173974931821,0.0883430592630291,0.0895389045139869,0.0907625094848732,0.092014921964411,0.0932972417975393,0.0946106241859123,0.0959562832423249,0.0973354958219849,0.0987496056561582,0.100200027816506,0.101688253541216,0.10321585545786,0.104784493241093,0.106395919748943,0.108051987684276,0.10975465683607,0.111506001959122,0.113308221359374,0.115163646259904,0.1170747510308,0.11904416437868,0.121074681601306,0.123169278027995,0.125331123782484,0.127563600021068,0.129870316823094,0.132255132930815,0.134722177568377,0.137275874597081,0.139920969307027,0.142662558184153,0.145506122047935,0.148457563012812,0.151523245796226,0.15471004398574,0.158025391969794,0.161477343360569,0.165074636874094,0.16882677080452,0.172744087426862,0.176837868910512,0.181120446614338,0.185605325996426,0.190307329803136,0.19524276273518,0.200429601448394,0.205887714554135,0.211639118294202,0.217708274829128,0.224122441661812,0.230912082722658,0.238111354198146,0.245758681454503,0.253897447617236,0.262576819874421,0.271852746733879,0.281789168979811,0.292459499732591,0.303948446053629,0.316354267748154,0.329791600854119,0.344395017704482,0.360323557908227,0.37776655389993,0.396951204155758,0.418152537950206,0.441706701694749,0.468028934578989,0.497638285057834,0.53119221399162,0.569536027590052,0.613775125698743,0.665383374134199,0.726370589228425,0.799550513031142,0.888987438911723,1.00077780594782,1.14450173165097,1.33612607749635,1.60439119265031,2.00677777367774,2.67740744384331,0,0,0,0,0,0,0,0,0,0,0,0,0,0,0,0,0,0,0,0,0,0,0,0,0,0,0,0,0,0,0,0,0,0,0,0,0,0,0,0,0,0,0,0,0,0,0,0,0,0,0,0,0,0,0,0,0,0,0,0,0,0,0,0,0,0,0,0,0,0,0,0,0,0,0,0,0,0,0,0,0,0,0,0,0,0,0,0,0
